2457682.73048076266, -0.001438, 0.004292, -0.00295154,  1, 02 
2457682.73153372435, -0.020205, 0.004299, -0.00304577,  1, 02 
2457682.73258768581, -0.027681, 0.005264, -0.00314010,  1, 02 
2457682.73367524939, -0.002604, 0.004224, -0.00323743,  1, 02 
2457682.73470650986, -0.002007, 0.004283, -0.00332972,  1, 02 
2457682.73575657094, -0.009501, 0.004230, -0.00342370,  1, 02 
2457682.73680383200, -0.004548, 0.004256, -0.00351742,  1, 02 
2457682.73785569379, -0.025489, 0.008601, -0.00361156,  1, 02 
2457682.73889645422, -0.001642, 0.004130, -0.00370470,  1, 02 
2457682.73992901482, -0.002085, 0.004200, -0.00379711,  1, 02 
2457682.74098947644,  0.004348, 0.004164, -0.00389202,  1, 02 
2457682.74204353802, -0.002203, 0.004190, -0.00398635,  1, 02 
2457682.74309079908, -0.009606, 0.004252, -0.00408007,  1, 02 
2457682.74414136028, -0.003439, 0.004059, -0.00417409,  1, 02 
2457682.74519212171, -0.013147, 0.004153, -0.00426813,  1, 02 
2457682.74623718299,  0.003214, 0.004116, -0.00421754,  1, 02 
2457682.74728974421, -0.007737, 0.004202, -0.00412229,  1, 02 
2457682.74834230542, -0.005082, 0.004274, -0.00402704,  1, 02 
2457682.74938546633, -0.006287, 0.004173, -0.00393264,  1, 02 
2457682.75043802802,  0.000952, 0.004190, -0.00383739,  1, 02 
2457682.75148118846, -0.006100, 0.004207, -0.00374299,  1, 02 
2457682.75253345026,  0.001554, 0.004216, -0.00364776,  1, 02 
2457682.75358771160, -0.002054, 0.004231, -0.00355236,  1, 02 
2457682.75464777322, -0.004100, 0.004221, -0.00345643,  1, 02 
2457682.75570523506,  0.001917, 0.004253, -0.00336073,  1, 02 
2457682.75675629638, -0.008902, 0.004346, -0.00326562,  1, 02 
2457682.75781065784,  0.003434, 0.004210, -0.00317020,  1, 02 
2457682.75886151893, -0.005711, 0.004136, -0.00307511,  1, 02 
2457682.75990697974,  0.005813, 0.004145, -0.00298050,  1, 02 
2457682.76095934119,  0.006149, 0.004148, -0.00288526,  1, 02 
2457682.76201350242,  0.005654, 0.004719, -0.00278987,  1, 02 
2457682.76306526363, -0.000522, 0.004250, -0.00269469,  1, 02 
2457682.76411082456, -0.005805, 0.004144, -0.00260007,  1, 02 
2457682.76517328667, -0.004650, 0.004072, -0.00250392,  1, 02 
2457682.76622154750, -0.009706, 0.004056, -0.00251214,  1, 02 
2457682.76830866933, -0.004131, 0.003991, -0.00259770,  1, 02 
2457682.76937223086, -0.007689, 0.004075, -0.00264131,  1, 02 
2457682.77042389242, -0.005436, 0.004101, -0.00268442,  1, 02 
2457682.77147695376, -0.008355, 0.004009, -0.00272760,  1, 02 
2457682.77251621382,  0.004865, 0.004031, -0.00277020,  1, 02 
2457682.77357587544,  0.005761, 0.004079, -0.00281365,  1, 02 
2457682.77463693731,  0.002201, 0.004144, -0.00285715,  1, 02 
2457682.77569119865,  0.000797, 0.004055, -0.00290037,  1, 02 
2457682.77673775936, -0.007288, 0.003981, -0.00294328,  1, 02 
2457682.77779982146, -0.004960, 0.003977, -0.00298682,  1, 02 
2457682.77885238267, -0.003444, 0.003956, -0.00302997,  1, 02 
2457682.77989634313,  0.002322, 0.004129, -0.00307277,  1, 02 
2457682.78094520420, -0.002511, 0.003944, -0.00311577,  1, 02 
2457682.78199596517, -0.001570, 0.003881, -0.00315885,  1, 02 
2457682.78304872662, -0.005971, 0.003858, -0.00320201,  1, 02 
2457682.78408978693,  0.001672, 0.003892, -0.00324469,  1, 02 
2457682.78513954813,  0.001810, 0.003920, -0.00328773,  1, 02 
2457682.78619770939, -0.004612, 0.003882, -0.00317138,  1, 02 
2457682.78724136995, -0.002169, 0.003846, -0.00299449,  1, 02 
2457682.78829263104,  0.007855, 0.003782, -0.00281631,  1, 02 
2457682.78934189212, -0.000508, 0.003835, -0.00263847,  1, 02 
2457682.79039935349, -0.008115, 0.003820, -0.00245924,  1, 02 
2457682.79144501407, -0.012665, 0.003784, -0.00228201,  1, 02 
2457682.79248407437,  0.003348, 0.003832, -0.00210590,  1, 02 
2457682.79353233520, -0.004242, 0.003792, -0.00192823,  1, 02 
2457682.79458529642,  0.001841, 0.003790, -0.00174976,  1, 02 
2457682.79564285791, -0.005049, 0.003765, -0.00157052,  1, 02 
2457682.79669581866,  0.000357, 0.003810, -0.00139205,  1, 02 
2457682.79774007946, -0.008783, 0.003751, -0.00121506,  1, 02 
2457682.79878254002, -0.003526, 0.003791, -0.00103837,  1, 02 
2457682.79983580112,  0.002597, 0.003782, -0.00085985,  1, 02 
2457682.80087776110, -0.004289, 0.003767, -0.00068325,  1, 02 
2457682.80192922242, -0.002452, 0.003732, -0.00050504,  1, 02 
2457682.80297618313, -0.008471, 0.003770, -0.00032759,  1, 02 
2457682.80404034443,  0.004330, 0.003769, -0.00014722,  1, 02 
2457682.80509210564, -0.009629, 0.003732, 0.00003104,  1, 02 
2457682.80612226529, -0.002588, 0.003717, -0.00001541,  1, 02 
2457682.80717172613, -0.004491, 0.003732, -0.00017754,  1, 02 
2457682.80822958751, -0.004355, 0.003723, -0.00034097,  1, 02 
2457682.80927214772,  0.001882, 0.003728, -0.00050204,  1, 02 
2457682.81033070898, -0.000533, 0.003724, -0.00066557,  1, 02 
2457682.81138397008, -0.004969, 0.003702, -0.00082829,  1, 02 
2457682.81243993109,  0.001140, 0.003709, -0.00099143,  1, 02 
2457682.81347609125, -0.008340, 0.003681, -0.00115151,  1, 02 
2457682.81453495240, -0.001433, 0.003714, -0.00131509,  1, 02 
2457682.81558021298,  0.002492, 0.003694, -0.00147657,  1, 02 
2457682.81662717322, -0.007985, 0.003683, -0.00163832,  1, 02 
2457682.81767673418, -0.007156, 0.003701, -0.00180047,  1, 02 
2457682.81873409543, -0.003131, 0.003688, -0.00196382,  1, 02 
2457682.81978195580,  0.008181, 0.003702, -0.00212571,  1, 02 
2457682.82083521690,  0.005681, 0.003703, -0.00228843,  1, 02 
2457682.82186317630,  0.006134, 0.003692, -0.00244724,  1, 02 
2457682.82290773652,  0.011327, 0.003704, -0.00260861,  1, 02 
2457682.82396109728,  0.013112, 0.003686, -0.00277135,  1, 02 
2457682.82501015812,  0.010668, 0.003672, -0.00293342,  1, 02 
2457682.82606251910,  0.012369, 0.003673, -0.00301460,  1, 02 
2457682.82710537920,  0.007123, 0.003642, -0.00303911,  1, 02 
2457682.82816304034,  0.013547, 0.003652, -0.00306396,  1, 02 
2457682.82921540085,  0.011450, 0.003626, -0.00308869,  1, 02 
2457682.83026636159,  0.010933, 0.003608, -0.00311339,  1, 02 
2457682.83131532231,  0.009934, 0.003623, -0.00313804,  1, 02 
2457682.83235918265,  0.014657, 0.003620, -0.00316256,  1, 02 
2457682.83341174340,  0.008786, 0.003623, -0.00318730,  1, 02 
2457682.83445490338,  0.012229, 0.003652, -0.00321181,  1, 02 
2457682.83549446333,  0.011844, 0.003643, -0.00323624,  1, 02 
2457682.83653182350,  0.013069, 0.003651, -0.00326062,  1, 02 
2457682.83758148365,  0.015452, 0.003660, -0.00328528,  1, 02 
2457682.83862474421,  0.004963, 0.003638, -0.00330980,  1, 02 
2457682.83966640430,  0.004446, 0.003655, -0.00333427,  1, 02 
2457682.84070926439,  0.016131, 0.003649, -0.00335878,  1, 02 
2457682.84175932454,  0.001712, 0.003605, -0.00338346,  1, 02 
2457682.84280978516,  0.004500, 0.003585, -0.00340814,  1, 02 
2457682.84385534562,  0.007587, 0.003626, -0.00343271,  1, 02 
2457682.84490030585,  0.005365, 0.003607, -0.00345726,  1, 02 
2457682.84595366661, -0.000299, 0.003610, -0.00337642,  1, 02 
2457682.84700692724,  0.000234, 0.003613, -0.00318369,  1, 02 
2457682.84806738794, -0.003790, 0.003591, -0.00298964,  1, 02 
2457682.84911844879, -0.000884, 0.003596, -0.00279730,  1, 02 
2457682.85016210889, -0.004699, 0.003602, -0.00260632,  1, 02 
2457682.85121416952, -0.007483, 0.003572, -0.00241381,  1, 02 
2457682.85224372847,  0.003967, 0.003609, -0.00222541,  1, 02 
2457682.85328828869,  0.006386, 0.003618, -0.00203427,  1, 02 
2457682.85433074879, -0.001742, 0.003606, -0.00184351,  1, 02 
2457682.85537330853, -0.000481, 0.003607, -0.00165273,  1, 02 
2457682.85641496861, -0.002525, 0.003603, -0.00146212,  1, 02 
2457682.85746622877, -0.001894, 0.003624, -0.00126975,  1, 02 
2457682.85851068888, -0.000700, 0.003606, -0.00107862,  1, 02 
2457682.85956114950, -0.000576, 0.003620, -0.00088640,  1, 02 
2457682.86060610926, -0.009178, 0.003598, -0.00069518,  1, 02 
2457682.86165336985,  0.000510, 0.003602, -0.00050354,  1, 02 
2457682.86270142999, -0.000341, 0.003610, -0.00031176,  1, 02 
2457682.86374388961, -0.005649, 0.003592, -0.00012100,  1, 02 
2457682.86479655001, -0.005177, 0.003594, 0.00007163,  1, 02 
2457682.86584611051, -0.002112, 0.003602, 0.00016967,  1, 02 
2457682.86687846994, -0.012475, 0.003572, 0.00011754,  1, 02 
2457682.86792632984, -0.004490, 0.003594, 0.00006462,  1, 02 
2457682.86898069037, -0.003110, 0.003595, 0.00001138,  1, 02 
2457682.87002815073, -0.004741, 0.003583, -0.00004151,  1, 02 
2457682.87107861089, -0.000142, 0.003591, -0.00009456,  1, 02 
2457682.87211957062, -0.000346, 0.003581, -0.00014713,  1, 02 
2457682.87316423049, -0.004294, 0.003575, -0.00019988,  1, 02 
2457682.87421309063, -0.002310, 0.003581, -0.00025284,  1, 02 
2457682.87524524983,  0.003680, 0.003574, -0.00030496,  1, 02 
2457682.87629080983, -0.004944, 0.003583, -0.00035776,  1, 02 
2457682.87734146975, -0.001999, 0.003582, -0.00041082,  1, 02 
2457682.87839383027,  0.007978, 0.003602, -0.00046396,  1, 02 
2457682.87944299029, -0.002698, 0.003582, -0.00051694,  1, 02 
2457682.88049185043, -0.003797, 0.003569, -0.00056990,  1, 02 
2457682.88154131081,  0.002968, 0.003586, -0.00062290,  1, 02 
2457682.88258597022,  0.005693, 0.003608, -0.00067565,  1, 02 
2457682.88363373047, -0.001419, 0.003606, -0.00072856,  1, 02 
2457682.88468249049, -0.005737, 0.003560, -0.00078152,  1, 02 
2457682.88573935116, -0.006166, 0.003580, -0.00082457,  1, 02 
2457682.88679281110, -0.005231, 0.003575, -0.00084090,  1, 02 
2457682.88783447072, -0.000444, 0.003572, -0.00085704,  1, 02 
2457682.88888333086, -0.003362, 0.003587, -0.00087330,  1, 02 
2457682.88993499102, -0.002044, 0.003590, -0.00088960,  1, 02 
2457682.89097835077, -0.000102, 0.003591, -0.00090577,  1, 02 
2457682.89203091105, -0.005321, 0.003559, -0.00092208,  1, 02 
2457682.89307937073, -0.002458, 0.003581, -0.00093833,  1, 02 
2457682.89411152992,  0.003944, 0.003598, -0.00095433,  1, 02 
2457682.89516168972, -0.005743, 0.003573, -0.00097061,  1, 02 
2457682.89620864950,  0.002642, 0.003602, -0.00098683,  1, 02 
2457682.89725220948,  0.000185, 0.003565, -0.00100301,  1, 02 
2457682.89830586966, -0.006007, 0.003572, -0.00101934,  1, 02 
2457682.89935762947,  0.000075, 0.003575, -0.00103564,  1, 02 
2457682.90040018922,  0.000044, 0.003591, -0.00105180,  1, 02 
2457682.90144674899,  0.003013, 0.003590, -0.00106802,  1, 02 
2457682.90250660945, -0.004448, 0.003572, -0.00108445,  1, 02 
2457682.90356076974,  0.003314, 0.003588, -0.00110078,  1, 02 
2457682.90557168424, -0.005599, 0.004086, -0.00113025,  2, 02 
2457682.90663884534,  0.013838, 0.004103, -0.00113239,  2, 02 
2457682.90769340517, -0.003424, 0.003588, -0.00113450,  2, 02 
2457682.90875436598, -0.005189, 0.003586, -0.00113662,  2, 02 
2457682.90981102595, -0.003034, 0.003616, -0.00113873,  2, 02 
2457682.91086878628, -0.005727, 0.003583, -0.00114085,  2, 02 
2457682.91192114633, -0.006190, 0.003561, -0.00114295,  2, 02 
2457682.91297870642, -0.008825, 0.003571, -0.00114507,  2, 02 
2457682.91403216682, -0.003791, 0.003571, -0.00114717,  2, 02 
2457682.91509552719, -0.006923, 0.003584, -0.00114930,  2, 02 
2457682.91613658657, -0.003227, 0.003580, -0.00115138,  2, 02 
2457682.91719184676, -0.006485, 0.003566, -0.00115349,  2, 02 
2457682.91824840661, -0.005480, 0.003572, -0.00115560,  2, 02 
2457682.91930226656, -0.001948, 0.003590, -0.00115771,  2, 02 
2457682.92035642685, -0.000092, 0.003601, -0.00115982,  2, 02 
2457682.92141608708, -0.004182, 0.003570, -0.00116194,  2, 02 
2457682.92245434597,  0.000270, 0.003592, -0.00116402,  2, 02 
2457682.92350510601, -0.001988, 0.003583, -0.00116612,  2, 02 
2457682.92455706559, -0.002025, 0.003602, -0.00116822,  2, 02 
2457682.92561552580, -0.000411, 0.003597, -0.00116503,  2, 02 
2457682.92666078545, -0.005260, 0.003584, -0.00113419,  2, 02 
2457682.92771484517, -0.001937, 0.003608, -0.00110310,  2, 02 
2457682.92875800468, -0.002666, 0.003596, -0.00107233,  2, 02 
2457682.92980646435, -0.000508, 0.003602, -0.00104140,  2, 02 
2457682.93086392432,  0.000981, 0.003611, -0.00101021,  2, 02 
2457682.93191118352, -0.002418, 0.003635, -0.00097931,  2, 02 
2457682.93296684371, -0.002498, 0.003615, -0.00094817,  2, 02 
2457682.93401360326,  0.001877, 0.003595, -0.00091730,  2, 02 
2457682.93507156335,  0.003193, 0.003619, -0.00088609,  2, 02 
2457682.93613112345, -0.002198, 0.003596, -0.00085483,  2, 02 
2457682.93716778234,  0.007776, 0.003611, -0.00082425,  2, 02 
2457682.93821304152,  0.003121, 0.003623, -0.00079342,  2, 02 
2457682.93925120030, -0.007996, 0.003589, -0.00076280,  2, 02 
2457682.94030325999,  0.003808, 0.003617, -0.00073176,  2, 02 
2457682.94135051966,  0.000154, 0.003607, -0.00070087,  2, 02 
2457682.94240927976,  0.003299, 0.003641, -0.00066964,  2, 02 
2457682.94345853897,  0.004090, 0.003636, -0.00063869,  2, 02 
2457682.94451179868,  0.001949, 0.003648, -0.00060762,  2, 02 
2457682.94556085812, -0.003481, 0.003628, -0.00058192,  2, 02 
2457682.94661101792, -0.001690, 0.003645, -0.00059977,  2, 02 
2457682.94765947713, -0.003493, 0.003650, -0.00061759,  2, 02 
2457682.94870183617, -0.003837, 0.003622, -0.00063531,  2, 02 
2457682.94975519599, -0.000800, 0.003644, -0.00065322,  2, 02 
2457682.95080405520,  0.001192, 0.003658, -0.00067105,  2, 02 
2457682.95185571490,  0.003318, 0.003662, -0.00068892,  2, 02 
2457682.95290197432,  0.001907, 0.003681, -0.00070671,  2, 02 
2457682.95394943329, -0.000069, 0.003662, -0.00072452,  2, 02 
2457682.95500299288,  0.004090, 0.003677, -0.00074243,  2, 02 
2457682.95605105255,  0.001062, 0.003683, -0.00076024,  2, 02 
2457682.95710431179,  0.006888, 0.003696, -0.00077815,  2, 02 
2457682.95814467082, -0.003452, 0.003697, -0.00079583,  2, 02 
2457682.95918842964,  0.009468, 0.003732, -0.00081357,  2, 02 
2457682.96023748908, -0.001247, 0.003693, -0.00083141,  2, 02 
2457682.96128924843,  0.003079, 0.003711, -0.00084929,  2, 02 
2457682.96233390784,  0.000197, 0.003706, -0.00086704,  2, 02 
2457682.96338716708, -0.001427, 0.003710, -0.00088495,  2, 02 
2457682.96442752611, -0.006269, 0.003708, -0.00090263,  2, 02 
2457682.96548148571,  0.000236, 0.003712, -0.00091984,  2, 02 
2457682.96653034491, -0.001968, 0.003710, -0.00091459,  2, 02 
2457682.96757720411, -0.003164, 0.003704, -0.00090936,  2, 02 
2457682.96862826310, -0.005038, 0.003730, -0.00090411,  2, 02 
2457682.96967872279, -0.004591, 0.003708, -0.00089885,  2, 02 
2457682.97073228192,  0.001188, 0.003731, -0.00089359,  2, 02 
2457682.97178914165,  0.002379, 0.003755, -0.00088830,  2, 02 
2457682.97283070069,  0.002908, 0.003749, -0.00088309,  2, 02 
2457682.97388335969, -0.001716, 0.003731, -0.00087783,  2, 02 
2457682.97493341938,  0.000032, 0.003734, -0.00087258,  2, 02 
2457682.97597967833,  0.001801, 0.003744, -0.00086735,  2, 02 
2457682.97703043744, -0.000909, 0.003744, -0.00086210,  2, 02 
2457682.97808179678, -0.006766, 0.003713, -0.00085684,  2, 02 
2457682.97913835617,  0.000627, 0.003748, -0.00085156,  2, 02 
2457682.98020351632,  0.004852, 0.003755, -0.00084623,  2, 02 
2457682.98124547489, -0.003795, 0.003736, -0.00084102,  2, 02 
2457682.98230013438,  0.000103, 0.003743, -0.00083575,  2, 02 
2457682.98334119329, -0.006299, 0.003737, -0.00083054,  2, 02 
2457682.98440195294, -0.004516, 0.003718, -0.00082524,  2, 02 
2457682.98544701189, -0.000869, 0.003751, -0.00082002,  2, 02 
2457682.98648997070,  0.002399, 0.003763, -0.00070668,  2, 02 
2457682.98754422972, -0.000828, 0.003763, -0.00059177,  2, 02 
2457682.98859678907, -0.000777, 0.003744, -0.00047705,  2, 02 
2457682.98964814842, -0.001134, 0.003753, -0.00036246,  2, 02 
2457682.99071350833,  0.000219, 0.003761, -0.00024634,  2, 02 
2457682.99176416732,  0.000691, 0.003774, -0.00013182,  2, 02 
2457682.99282162683, -0.002681, 0.003763, -0.00001657,  2, 02 
2457682.99387158593,  0.003991, 0.003797, 0.00009787,  2, 02 
2457682.99491654476, -0.000292, 0.003763, 0.00021177,  2, 02 
2457682.99596910411,  0.003481, 0.003813, 0.00032649,  2, 02 
2457682.99701856310, -0.005480, 0.003800, 0.00044087,  2, 02 
2457682.99806342181, -0.006077, 0.003785, 0.00055476,  2, 02 
2457682.99910568027,  0.001219, 0.003803, 0.00066836,  2, 02 
2457683.00014833920, -0.004933, 0.003800, 0.00078200,  2, 02 
2457683.00119649805, -0.005070, 0.003794, 0.00089624,  2, 02 
2457683.00223875651, -0.000230, 0.003815, 0.00100984,  2, 02 
2457683.00329591567, -0.004001, 0.003813, 0.00112507,  2, 02 
2457683.00434127450,  0.002928, 0.003826, 0.00123900,  2, 02 
2457683.00539843412, -0.002604, 0.003840, 0.00135423,  2, 02 
2457683.00644459296,  0.002733, 0.003831, 0.00131332,  2, 02 
2457683.00748865120, -0.003902, 0.003820, 0.00126425,  2, 02 
2457683.00854911096, -0.003290, 0.003831, 0.00121442,  2, 02 
2457683.00959536945,  0.012046, 0.003868, 0.00116524,  2, 02 
2457683.01063792827, -0.001148, 0.003845, 0.00111625,  2, 02 
2457683.01169768767, -0.009221, 0.003810, 0.00106644,  2, 02 
2457683.01275384706,  0.002819, 0.003866, 0.00101680,  2, 02 
2457682.73069620971,  0.013756, 0.004660, -0.00297082,  3, 04 
2457682.73174847150,  0.006567, 0.004639, -0.00306499,  3, 04 
2457682.73279033229, -0.004442, 0.004633, -0.00315823,  3, 04 
2457682.73383659357,  0.001278, 0.004587, -0.00325187,  3, 04 
2457682.73488765489,  0.000722, 0.004604, -0.00334593,  3, 04 
2457682.73592651542,  0.009263, 0.004527, -0.00343891,  3, 04 
2457682.73697107658, -0.001188, 0.004561, -0.00353239,  3, 04 
2457682.73802293791, -0.008967, 0.004521, -0.00362653,  3, 04 
2457682.73906279868,  0.003240, 0.004540, -0.00371959,  3, 04 
2457682.74009875907, -0.000421, 0.004490, -0.00381230,  3, 04 
2457682.74114812026, -0.007154, 0.004434, -0.00390621,  3, 04 
2457682.74217568012, -0.001182, 0.004526, -0.00399817,  3, 04 
2457682.74321664125, -0.004877, 0.004434, -0.00409133,  3, 04 
2457682.74425510177,  0.001109, 0.004379, -0.00418427,  3, 04 
2457682.74530686298,  0.002639, 0.004467, -0.00427840,  3, 04 
2457682.74635732453, -0.002474, 0.004428, -0.00420667,  3, 04 
2457682.74739548471,  0.002059, 0.004601, -0.00411272,  3, 04 
2457682.74844434625, -0.005646, 0.004589, -0.00401781,  3, 04 
2457682.74949320732,  0.005130, 0.004581, -0.00392289,  3, 04 
2457682.75053536799,  0.002983, 0.004562, -0.00382858,  3, 04 
2457682.75157762878,  0.007224, 0.004597, -0.00373426,  3, 04 
2457682.75261968980, -0.012325, 0.004547, -0.00363996,  3, 04 
2457682.75365904998,  0.002500, 0.004640, -0.00354590,  3, 04 
2457682.75469531072, -0.001806, 0.004569, -0.00345213,  3, 04 
2457682.75574117154,  0.000705, 0.004558, -0.00335748,  3, 04 
2457682.75677803205, -0.008060, 0.004579, -0.00326365,  3, 04 
2457682.75783049315,  0.008911, 0.004607, -0.00316841,  3, 04 
2457682.75887295417, -0.006120, 0.004455, -0.00307407,  3, 04 
2457682.75992291514, -0.003469, 0.004470, -0.00297906,  3, 04 
2457682.76096887607, -0.007012, 0.004484, -0.00288440,  3, 04 
2457682.76202003751, -0.001024, 0.004649, -0.00278928,  3, 04 
2457682.76307529910, -0.007405, 0.004504, -0.00269378,  3, 04 
2457682.76412055967, -0.009679, 0.004522, -0.00259919,  3, 04 
2457682.76517452113, -0.002215, 0.004458, -0.00250381,  3, 04 
2457682.76623138273, -0.003221, 0.004377, -0.00251254,  3, 04 
2457682.76726944325, -0.006031, 0.004358, -0.00255510,  3, 04 
2457682.76832620474, -0.007524, 0.004426, -0.00259842,  3, 04 
2457682.76937186532, -0.000697, 0.004445, -0.00264129,  3, 04 
2457682.77041352633, -0.004998, 0.004429, -0.00268400,  3, 04 
2457682.77146538720,  0.001594, 0.004426, -0.00272712,  3, 04 
2457682.77250854811, -0.000566, 0.004439, -0.00276989,  3, 04 
2457682.77355680894, -0.007783, 0.004401, -0.00281287,  3, 04 
2457682.77459706971, -0.010212, 0.004364, -0.00285551,  3, 04 
2457682.77562942961,  0.001695, 0.004471, -0.00289784,  3, 04 
2457682.77667959081,  0.003501, 0.004394, -0.00294089,  3, 04 
2457682.77772885188, -0.007648, 0.004389, -0.00298391,  3, 04 
2457682.77878121287, -0.010092, 0.004312, -0.00302705,  3, 04 
2457682.77982287342,  0.005354, 0.004465, -0.00306976,  3, 04 
2457682.78088433528, -0.003710, 0.004300, -0.00311328,  3, 04 
2457682.78191919532, -0.000052, 0.004257, -0.00315570,  3, 04 
2457682.78296415601, -0.003992, 0.004246, -0.00319854,  3, 04 
2457682.78401301708, -0.005774, 0.004205, -0.00324155,  3, 04 
2457682.78505457751, -0.002297, 0.004324, -0.00328425,  3, 04 
2457682.78610583860, -0.000937, 0.004297, -0.00318695,  3, 04 
2457682.78715759981,  0.004725, 0.004229, -0.00300868,  3, 04 
2457682.78818845935, -0.003924, 0.004169, -0.00283396,  3, 04 
2457682.78923792066, -0.005542, 0.004207, -0.00265609,  3, 04 
2457682.79027978098, -0.007001, 0.004196, -0.00247951,  3, 04 
2457682.79132654192,  0.003010, 0.004176, -0.00230209,  3, 04 
2457682.79237630265,  0.006334, 0.004205, -0.00212417,  3, 04 
2457682.79342776351, -0.010460, 0.004162, -0.00194595,  3, 04 
2457682.79447052395, -0.008730, 0.004150, -0.00176922,  3, 04 
2457682.79551298451, -0.001179, 0.004103, -0.00159253,  3, 04 
2457682.79655664507, -0.001973, 0.004129, -0.00141564,  3, 04 
2457682.79759890586,  0.003366, 0.004166, -0.00123899,  3, 04 
2457682.79865166685, -0.006993, 0.004127, -0.00106055,  3, 04 
2457682.79968192661, -0.008797, 0.004074, -0.00088593,  3, 04 
2457682.80072368681, -0.008102, 0.004093, -0.00070937,  3, 04 
2457682.80176184699, -0.010411, 0.004078, -0.00053341,  3, 04 
2457682.80280560767, -0.005018, 0.004128, -0.00035650,  3, 04 
2457682.80384016735,  0.001863, 0.004106, -0.00018115,  3, 04 
2457682.80489122821, -0.004689, 0.004076, -0.00000301,  3, 04 
2457682.80593078863, -0.007786, 0.004073, 0.00001417,  3, 04 
2457682.80698474962, -0.009328, 0.004054, -0.00014865,  3, 04 
2457682.80802871007, -0.008557, 0.004077, -0.00030994,  3, 04 
2457682.80906026997, -0.002199, 0.004071, -0.00046930,  3, 04 
2457682.81011063093, -0.000855, 0.004061, -0.00063157,  3, 04 
2457682.81115239114,  0.003065, 0.004087, -0.00079252,  3, 04 
2457682.81218565069,  0.003268, 0.004099, -0.00095215,  3, 04 
2457682.81324301194, -0.007824, 0.004053, -0.00111550,  3, 04 
2457682.81429227302, -0.009240, 0.004041, -0.00127760,  3, 04 
2457682.81533403322, -0.001144, 0.004056, -0.00143854,  3, 04 
2457682.81638659397, -0.002217, 0.004063, -0.00160115,  3, 04 
2457682.81742825406, -0.010209, 0.004018, -0.00176208,  3, 04 
2457682.81847951515, -0.000570, 0.004056, -0.00192449,  3, 04 
2457682.81952187559,  0.000508, 0.004033, -0.00208553,  3, 04 
2457682.82055273512,  0.012235, 0.004055, -0.00224478,  3, 04 
2457682.82159239519,  0.008924, 0.004074, -0.00240540,  3, 04 
2457682.82263535541,  0.011542, 0.004048, -0.00256653,  3, 04 
2457682.82366481470, -0.000400, 0.004020, -0.00272557,  3, 04 
2457682.82470367476,  0.005514, 0.004013, -0.00288607,  3, 04 
2457682.82573943492,  0.008635, 0.004026, -0.00300701,  3, 04 
2457682.82679209579,  0.008438, 0.003996, -0.00303175,  3, 04 
2457682.82784915669,  0.016499, 0.004016, -0.00305659,  3, 04 
2457682.82888781652,  0.006079, 0.003981, -0.00308099,  3, 04 
2457682.82992377644,  0.009398, 0.003982, -0.00310534,  3, 04 
2457682.83097513719,  0.004425, 0.003954, -0.00313004,  3, 04 
2457682.83203019807,  0.007116, 0.003962, -0.00315483,  3, 04 
2457682.83307275828,  0.011257, 0.003994, -0.00317933,  3, 04 
2457682.83411331847,  0.012144, 0.004023, -0.00320378,  3, 04 
2457682.83514887793,  0.007448, 0.004003, -0.00322812,  3, 04 
2457682.83620143868,  0.008808, 0.003980, -0.00325285,  3, 04 
2457682.83723469824,  0.010657, 0.003999, -0.00327713,  3, 04 
2457682.83827815857, -0.000658, 0.003972, -0.00330165,  3, 04 
2457682.83933741972,  0.010729, 0.003982, -0.00332654,  3, 04 
2457682.84036827926,  0.013640, 0.004005, -0.00335077,  3, 04 
2457682.84140293859,  0.009842, 0.003991, -0.00337508,  3, 04 
2457682.84347715834,  0.007001, 0.003986, -0.00342382,  3, 04 
2457682.84451811807, -0.000264, 0.003978, -0.00344828,  3, 04 
2457682.84556337865,  0.000715, 0.003969, -0.00344784,  3, 04 
2457682.84660093812, -0.001316, 0.003952, -0.00325798,  3, 04 
2457682.84764299821, -0.005981, 0.003940, -0.00306729,  3, 04 
2457682.84867835790, -0.005126, 0.003938, -0.00287783,  3, 04 
2457682.84971591737, -0.003565, 0.003941, -0.00268797,  3, 04 
2457682.85076367809, -0.004221, 0.003968, -0.00249624,  3, 04 
2457682.85181293823,  0.000132, 0.003961, -0.00230424,  3, 04 
2457682.85285539832, -0.003987, 0.003930, -0.00211348,  3, 04 
2457682.85390935885, -0.010530, 0.003936, -0.00192062,  3, 04 
2457682.85493811825, -0.010231, 0.003940, -0.00173236,  3, 04 
2457682.85598057788, -0.007410, 0.003958, -0.00154161,  3, 04 
2457682.85701773781,  0.002841, 0.003959, -0.00135182,  3, 04 
2457682.85805449728, -0.002579, 0.003945, -0.00116210,  3, 04 
2457682.85910195764, -0.000145, 0.003950, -0.00097043,  3, 04 
2457682.86014481727,  0.003625, 0.003971, -0.00077959,  3, 04 
2457682.86118977750, -0.008534, 0.003969, -0.00058838,  3, 04 
2457682.86223793775, -0.006608, 0.003961, -0.00039657,  3, 04 
2457682.86328549776, -0.010104, 0.003967, -0.00020488,  3, 04 
2457682.86432525748, -0.006460, 0.003934, -0.00001462,  3, 04 
2457682.86535871681, -0.011908, 0.003936, 0.00017450,  3, 04 
2457682.86640167702, -0.006541, 0.003937, 0.00014161,  3, 04 
2457682.86745093716, -0.000720, 0.003942, 0.00008863,  3, 04 
2457682.86848099623, -0.007060, 0.003949, 0.00003661,  3, 04 
2457682.86951335566, -0.003106, 0.003942, -0.00001552,  3, 04 
2457682.87054841500, -0.007633, 0.003923, -0.00006779,  3, 04 
2457682.87159117451, -0.009243, 0.003919, -0.00012044,  3, 04 
2457682.87263303436, -0.003164, 0.003931, -0.00017305,  3, 04 
2457682.87367709447, -0.005705, 0.003892, -0.00022578,  3, 04 
2457682.87471175380, -0.001752, 0.003909, -0.00027802,  3, 04 
2457682.87576111406, -0.006682, 0.003924, -0.00033101,  3, 04 
2457682.87679827353, -0.007797, 0.003922, -0.00038339,  3, 04 
2457682.87784783356, -0.006712, 0.003941, -0.00043639,  3, 04 
2457682.87890839437, -0.015894, 0.003905, -0.00048994,  3, 04 
2457682.87994305370, -0.004776, 0.003942, -0.00054219,  3, 04 
2457682.88098301319, -0.008393, 0.003904, -0.00059470,  3, 04 
2457682.88203127310,  0.000705, 0.003936, -0.00064764,  3, 04 
2457682.88307653321, -0.005336, 0.003922, -0.00070042,  3, 04 
2457682.88412039261, -0.006646, 0.003952, -0.00075313,  3, 04 
2457682.88516275259,  0.006221, 0.003955, -0.00080577,  3, 04 
2457682.88621111261, -0.004474, 0.003932, -0.00083188,  3, 04 
2457682.88725707214, -0.005408, 0.003913, -0.00084809,  3, 04 
2457682.88828793122, -0.001397, 0.003942, -0.00086407,  3, 04 
2457682.88932899106, -0.008090, 0.003941, -0.00088020,  3, 04 
2457682.89036705019, -0.004648, 0.003921, -0.00089629,  3, 04 
2457682.89141230984, -0.010158, 0.003914, -0.00091249,  3, 04 
2457682.89244846907,  0.000885, 0.003933, -0.00092855,  3, 04 
2457682.89347982826, -0.002102, 0.003937, -0.00094454,  3, 04 
2457682.89453018829, -0.001573, 0.003927, -0.00096082,  3, 04 
2457682.89557924820, -0.004117, 0.003914, -0.00097708,  3, 04 
2457682.89661820745,  0.001541, 0.003932, -0.00099318,  3, 04 
2457682.89766006730,  0.000585, 0.003943, -0.00100933,  3, 04 
2457682.89869872667, -0.016592, 0.003886, -0.00102543,  3, 04 
2457682.89973448543, -0.004932, 0.003944, -0.00104148,  3, 04 
2457682.90078574559, -0.006719, 0.003891, -0.00105777,  3, 04 
2457682.90183020523,  0.000138, 0.003918, -0.00107396,  3, 04 
2457682.90287696524, -0.006097, 0.003911, -0.00109019,  3, 04 
2457682.90391362412, -0.008194, 0.003915, -0.00110625,  3, 04 
2457682.90591883846, -0.014254, 0.004336, -0.00113095,  4, 04 
2457682.90697649913,  0.000540, 0.004070, -0.00113306,  4, 04 
2457682.90803025896, -0.004491, 0.004244, -0.00113517,  4, 04 
2457682.90907981899, -0.002503, 0.003916, -0.00113727,  4, 04 
2457682.91012767842, -0.001083, 0.003939, -0.00113936,  4, 04 
2457682.91118833888, -0.003167, 0.003944, -0.00114148,  4, 04 
2457682.91222659824, -0.001423, 0.003919, -0.00114356,  4, 04 
2457682.91327415779, -0.008266, 0.003908, -0.00114566,  4, 04 
2457682.91430821689, -0.000789, 0.003933, -0.00114772,  4, 04 
2457682.91534857592,  0.000164, 0.003932, -0.00114980,  4, 04 
2457682.91639153566,  0.000179, 0.003924, -0.00115189,  4, 04 
2457682.91743269470, -0.011784, 0.003875, -0.00115397,  4, 04 
2457682.91847905423, -0.009856, 0.003898, -0.00115607,  4, 04 
2457682.91952401400,  0.000830, 0.003937, -0.00115815,  4, 04 
2457682.92056287313, -0.003131, 0.003919, -0.00116023,  4, 04 
2457682.92162123322,  0.000210, 0.003922, -0.00116235,  4, 04 
2457682.92265209183, -0.010488, 0.003893, -0.00116441,  4, 04 
2457682.92368295044, -0.006349, 0.003912, -0.00116647,  4, 04 
2457682.92472170945, -0.006611, 0.003909, -0.00116855,  4, 04 
2457682.92576126894,  0.001018, 0.003920, -0.00116073,  4, 04 
2457682.92679442745, -0.006876, 0.003902, -0.00113025,  4, 04 
2457682.92784748739, -0.006888, 0.003919, -0.00109919,  4, 04 
2457682.92889614683, -0.003019, 0.003931, -0.00106825,  4, 04 
2457682.92994920677,  0.004188, 0.003956, -0.00103719,  4, 04 
2457682.93098516576, -0.003382, 0.003913, -0.00100663,  4, 04 
2457682.93203462521, -0.001283, 0.003933, -0.00097567,  4, 04 
2457682.93307558447, -0.005279, 0.003907, -0.00094497,  4, 04 
2457682.93411754351, -0.000766, 0.003930, -0.00091423,  4, 04 
2457682.93514770223, -0.005659, 0.003920, -0.00088384,  4, 04 
2457682.93617826048, -0.002290, 0.003946, -0.00085344,  4, 04 
2457682.93722131988, -0.011372, 0.003921, -0.00082267,  4, 04 
2457682.93826397881, -0.002344, 0.003964, -0.00079192,  4, 04 
2457682.93930703821,  0.001360, 0.003960, -0.00076115,  4, 04 
2457682.94033569656, -0.003498, 0.003951, -0.00073080,  4, 04 
2457682.94137675548, -0.000672, 0.003952, -0.00070010,  4, 04 
2457682.94241791451, -0.004402, 0.003971, -0.00066938,  4, 04 
2457682.94345067302,  0.004303, 0.003985, -0.00063892,  4, 04 
2457682.94449463254, -0.002873, 0.003970, -0.00060812,  4, 04 
2457682.94554419164, -0.002526, 0.003975, -0.00058164,  4, 04 
2457682.94658465078, -0.001180, 0.004006, -0.00059932,  4, 04 
2457682.94762990996, -0.005527, 0.003979, -0.00061709,  4, 04 
2457682.94865856832, -0.010937, 0.003954, -0.00063458,  4, 04 
2457682.94969682721, -0.001777, 0.004005, -0.00065223,  4, 04 
2457682.95074868668, -0.009108, 0.003960, -0.00067011,  4, 04 
2457682.95179124549,  0.004581, 0.004001, -0.00068783,  4, 04 
2457682.95284360508, -0.010310, 0.003990, -0.00070572,  4, 04 
2457682.95389136439,  0.003926, 0.004038, -0.00072353,  4, 04 
2457682.95494432421,  0.006992, 0.004042, -0.00074143,  4, 04 
2457682.95599218365, -0.000077, 0.004048, -0.00075924,  4, 04 
2457682.95703494269, -0.002223, 0.004015, -0.00077697,  4, 04 
2457682.95808700193, -0.003384, 0.004037, -0.00079485,  4, 04 
2457682.95912936097,  0.005902, 0.004048, -0.00081257,  4, 04 
2457682.96017311979, -0.004063, 0.004039, -0.00083031,  4, 04 
2457682.96121197892,  0.007226, 0.004074, -0.00084797,  4, 04 
2457682.96225943789, -0.005505, 0.004040, -0.00086578,  4, 04 
2457682.96330179693, -0.003667, 0.004054, -0.00088350,  4, 04 
2457682.96433335496, -0.003179, 0.004047, -0.00090103,  4, 04 
2457682.96537871426, -0.002590, 0.004051, -0.00091880,  4, 04 
2457682.96646157559,  0.004271, 0.004096, -0.00091494,  4, 04 
2457682.96750473417, -0.011212, 0.004053, -0.00090972,  4, 04 
2457682.96854579309,  0.001987, 0.004066, -0.00090452,  4, 04 
2457682.96958675189, -0.000463, 0.004075, -0.00089931,  4, 04 
2457682.97062721057, -0.002876, 0.004067, -0.00089411,  4, 04 
2457682.97166146897, -0.000927, 0.004087, -0.00088894,  4, 04 
2457682.97271332843,  0.000541, 0.004085, -0.00088368,  4, 04 
2457682.97376448754,  0.002197, 0.004090, -0.00087843,  4, 04 
2457682.97480614670, -0.001376, 0.004059, -0.00087322,  4, 04 
2457682.97585940594, -0.005189, 0.004057, -0.00086795,  4, 04 
2457682.97689916473, -0.002971, 0.004069, -0.00086275,  4, 04 
2457682.97793052252, -0.003474, 0.004080, -0.00085760,  4, 04 
2457682.97895198036,  0.000358, 0.004107, -0.00085249,  4, 04 
2457682.97999863932, -0.007420, 0.004081, -0.00084726,  4, 04 
2457682.98105079867,  0.005350, 0.004118, -0.00084200,  4, 04 
2457682.98210015753, -0.000445, 0.004080, -0.00083675,  4, 04 
2457682.98315051710, -0.008188, 0.004048, -0.00083150,  4, 04 
2457682.98419167567, -0.008960, 0.004079, -0.00082629,  4, 04 
2457682.98523983452, -0.000409, 0.004105, -0.00082105,  4, 04 
2457682.98628169345, -0.007813, 0.004089, -0.00072938,  4, 04 
2457682.98732835241, -0.003272, 0.004095, -0.00061530,  4, 04 
2457682.98836571071, -0.010841, 0.004088, -0.00050223,  4, 04 
2457682.98941396968,  0.001681, 0.004142, -0.00038798,  4, 04 
2457682.99044042733, -0.007728, 0.004099, -0.00027610,  4, 04 
2457682.99148428626, -0.008777, 0.004083, -0.00016233,  4, 04 
2457682.99252184480,  0.008705, 0.004155, -0.00004924,  4, 04 
2457682.99356630351,  0.001165, 0.004108, 0.00006460,  4, 04 
2457682.99461036222, -0.005387, 0.004107, 0.00017839,  4, 04 
2457682.99565722095,  0.000235, 0.004165, 0.00029250,  4, 04 
2457682.99670438003,  0.000620, 0.004162, 0.00040663,  4, 04 
2457682.99774833862, -0.008996, 0.004136, 0.00052041,  4, 04 
2457682.99880629824, -0.001548, 0.004137, 0.00063573,  4, 04 
2457682.99984255619,  0.000293, 0.004172, 0.00074867,  4, 04 
2457683.00087581435, -0.007946, 0.004125, 0.00086129,  4, 04 
2457683.00193107361, -0.002673, 0.004203, 0.00097631,  4, 04 
2457683.00297653256, -0.001440, 0.004150, 0.00109026,  4, 04 
2457683.00401019072, -0.006035, 0.004154, 0.00120292,  4, 04 
2457683.00505674910, -0.007400, 0.004167, 0.00131699,  4, 04 
2457683.00609280728, -0.010550, 0.004144, 0.00132986,  4, 04 
2457683.00713976612, -0.009609, 0.004165, 0.00128065,  4, 04 
2457683.00817552442, -0.001209, 0.004200, 0.00123197,  4, 04 
2457683.00921728276, -0.004218, 0.004189, 0.00118301,  4, 04 
2457683.01025964133, -0.002671, 0.004164, 0.00113403,  4, 04 
2457683.01130319992, -0.008746, 0.004166, 0.00108498,  4, 04 
2457683.01234305836,  0.002708, 0.004199, 0.00103611,  4, 04 
2457683.01339401724, -0.004522, 0.004188, 0.00098672,  4, 04 
2457682.73103287118,  0.002742, 0.004061, -0.00300095,  3, 05 
2457682.73208373273, -0.013830, 0.004063, -0.00309500,  3, 05 
2457682.73312719353, -0.002714, 0.004034, -0.00318838,  3, 05 
2457682.73418345535, -0.000721, 0.004005, -0.00328291,  3, 05 
2457682.73522521602, -0.001802, 0.003997, -0.00337614,  3, 05 
2457682.73627657723, -0.002422, 0.004068, -0.00347024,  3, 05 
2457682.73731223773, -0.000497, 0.004013, -0.00356292,  3, 05 
2457682.73835909925,  0.005072, 0.004017, -0.00365661,  3, 05 
2457682.73940016003, -0.009156, 0.004106, -0.00374978,  3, 05 
2457682.74044102058,  0.000339, 0.003936, -0.00384293,  3, 05 
2457682.74149718229,  0.002581, 0.004021, -0.00393745,  3, 05 
2457682.74253964331,  0.000877, 0.003938, -0.00403075,  3, 05 
2457682.74358940450, -0.003286, 0.003912, -0.00412470,  3, 05 
2457682.74463396519,  0.000574, 0.003981, -0.00421818,  3, 05 
2457682.74567552609,  0.003299, 0.003886, -0.00426837,  3, 05 
2457682.74672168726,  0.003786, 0.004031, -0.00417370,  3, 05 
2457682.74776494782, -0.002039, 0.003954, -0.00407929,  3, 05 
2457682.74881740939, -0.006611, 0.003981, -0.00398405,  3, 05 
2457682.74986937083, -0.007144, 0.004002, -0.00388885,  3, 05 
2457682.75091113150,  0.003638, 0.004011, -0.00379457,  3, 05 
2457682.75195419230,  0.006844, 0.004043, -0.00370018,  3, 05 
2457682.75300465384,  0.007680, 0.003965, -0.00360512,  3, 05 
2457682.75404181425,  0.002522, 0.004012, -0.00351126,  3, 05 
2457682.75509097520,  0.005540, 0.003984, -0.00341632,  3, 05 
2457682.75612013508,  0.006047, 0.003992, -0.00332319,  3, 05 
2457682.75715839583, -0.007055, 0.003959, -0.00322923,  3, 05 
2457682.75819285586,  0.006018, 0.003947, -0.00313562,  3, 05 
2457682.75923861703, -0.005559, 0.003902, -0.00304098,  3, 05 
2457682.76027277717, -0.010304, 0.003958, -0.00294739,  3, 05 
2457682.76131203771, -0.000479, 0.003914, -0.00285335,  3, 05 
2457682.76236559916, -0.012827, 0.004105, -0.00275801,  3, 05 
2457682.76339995954, -0.006249, 0.003889, -0.00266440,  3, 05 
2457682.76444972074, -0.001782, 0.003945, -0.00256940,  3, 05 
2457682.76549508143, -0.007116, 0.003881, -0.00248235,  3, 05 
2457682.76654194249,  0.000279, 0.003864, -0.00252527,  3, 05 
2457682.76759690372, -0.005614, 0.003834, -0.00256852,  3, 05 
2457682.76863696426, -0.004765, 0.003853, -0.00261116,  3, 05 
2457682.76968432544,  0.000832, 0.004016, -0.00265410,  3, 05 
2457682.77073268639, -0.013371, 0.004111, -0.00269708,  3, 05 
2457682.77178004710, -0.008114, 0.003807, -0.00274002,  3, 05 
2457682.77282750839,  0.003302, 0.003849, -0.00278297,  3, 05 
2457682.77387986938,  0.000825, 0.003870, -0.00282611,  3, 05 
2457682.77492693020, -0.009666, 0.003824, -0.00286904,  3, 05 
2457682.77596749086, -0.002043, 0.003781, -0.00291170,  3, 05 
2457682.77702045208, -0.007664, 0.003835, -0.00295487,  3, 05 
2457682.77806291264, -0.007144, 0.003900, -0.00299761,  3, 05 
2457682.77910307329, -0.001975, 0.003849, -0.00304025,  3, 05 
2457682.78014253359,  0.003780, 0.003867, -0.00308286,  3, 05 
2457682.78118609451,  0.005147, 0.003745, -0.00312565,  3, 05 
2457682.78222185466, -0.002685, 0.003750, -0.00316811,  3, 05 
2457682.78327361541,  0.000679, 0.003749, -0.00321123,  3, 05 
2457682.78430827567, -0.003569, 0.003802, -0.00325365,  3, 05 
2457682.78535063611,  0.002463, 0.003761, -0.00329638,  3, 05 
2457682.78639809694, -0.006496, 0.003730, -0.00313741,  3, 05 
2457682.78744855803, -0.002414, 0.003687, -0.00295937,  3, 05 
2457682.78849521885, -0.004419, 0.003659, -0.00278197,  3, 05 
2457682.78954207990,  0.000785, 0.003719, -0.00260454,  3, 05 
2457682.79058373999,  0.002906, 0.003709, -0.00242799,  3, 05 
2457682.79162620055, -0.001161, 0.003697, -0.00225130,  3, 05 
2457682.79267146159, -0.003757, 0.003686, -0.00207414,  3, 05 
2457682.79371542204,  0.001289, 0.003680, -0.00189720,  3, 05 
2457682.79476428265,  0.000219, 0.003644, -0.00171943,  3, 05 
2457682.79580244282, -0.003288, 0.003640, -0.00154347,  3, 05 
2457682.79684470361,  0.001849, 0.003625, -0.00136682,  3, 05 
2457682.79788226355,  0.007291, 0.003704, -0.00119096,  3, 05 
2457682.79891692381, -0.007432, 0.003641, -0.00101559,  3, 05 
2457682.79995918414,  0.003554, 0.003630, -0.00083894,  3, 05 
2457682.80100184446, -0.009178, 0.003627, -0.00066222,  3, 05 
2457682.80204300489, -0.003481, 0.003629, -0.00048575,  3, 05 
2457682.80307776481, -0.007355, 0.003635, -0.00031037,  3, 05 
2457682.80412102537, -0.003274, 0.003633, -0.00013355,  3, 05 
2457682.80517428648, -0.000521, 0.003612, 0.00004497,  3, 05 
2457682.80621974682, -0.004265, 0.003639, -0.00003047,  3, 05 
2457682.80726130726, -0.009316, 0.003591, -0.00019138,  3, 05 
2457682.80831506848,  0.000539, 0.003623, -0.00035417,  3, 05 
2457682.80935612880, -0.009495, 0.003589, -0.00051501,  3, 05 
2457682.81040598964,  0.001893, 0.003619, -0.00067720,  3, 05 
2457682.81144834962, -0.000982, 0.003625, -0.00083824,  3, 05 
2457682.81249011029, -0.003438, 0.003616, -0.00099918,  3, 05 
2457682.81353117060, -0.000049, 0.003634, -0.00116002,  3, 05 
2457682.81457703095,  0.004422, 0.003620, -0.00132159,  3, 05 
2457682.81562399166,  0.000284, 0.003609, -0.00148334,  3, 05 
2457682.81666645175, -0.006765, 0.003589, -0.00164439,  3, 05 
2457682.81771591259,  0.004875, 0.003614, -0.00180652,  3, 05 
2457682.81875997270,  0.004885, 0.003596, -0.00196782,  3, 05 
2457682.81980233314,  0.007342, 0.003625, -0.00212885,  3, 05 
2457682.82084199321,  0.007157, 0.003625, -0.00228947,  3, 05 
2457682.82188095339,  0.009419, 0.003623, -0.00244998,  3, 05 
2457682.82292171335,  0.011282, 0.003588, -0.00261077,  3, 05 
2457682.82397527434,  0.015288, 0.003583, -0.00277354,  3, 05 
2457682.82503263559,  0.013007, 0.003600, -0.00293689,  3, 05 
2457682.82607419556,  0.011974, 0.003589, -0.00301488,  3, 05 
2457682.82711825613,  0.009118, 0.003532, -0.00303941,  3, 05 
2457682.82815721584,  0.008349, 0.003548, -0.00306382,  3, 05 
2457682.82919497602,  0.013146, 0.003529, -0.00308821,  3, 05 
2457682.83024903666,  0.011339, 0.003536, -0.00311298,  3, 05 
2457682.83129089698,  0.005862, 0.003510, -0.00313746,  3, 05 
2457682.83233765746,  0.009873, 0.003535, -0.00316206,  3, 05 
2457682.83338011755,  0.009990, 0.003569, -0.00318656,  3, 05 
2457682.83442187775,  0.015559, 0.003547, -0.00321104,  3, 05 
2457682.83546213759,  0.012997, 0.003570, -0.00323548,  3, 05 
2457682.83649859764,  0.010157, 0.003573, -0.00325984,  3, 05 
2457682.83754485799,  0.012437, 0.003550, -0.00328442,  3, 05 
2457682.83858721796,  0.007793, 0.003552, -0.00330891,  3, 05 
2457682.83962537767,  0.017929, 0.003596, -0.00333331,  3, 05 
2457682.84066933813,  0.012766, 0.003551, -0.00335784,  3, 05 
2457682.84171109786,  0.013869, 0.003534, -0.00338232,  3, 05 
2457682.84275265830,  0.005481, 0.003524, -0.00340680,  3, 05 
2457682.84379651817,  0.001028, 0.003520, -0.00343133,  3, 05 
2457682.84483607812,  0.001664, 0.003519, -0.00345575,  3, 05 
2457682.84587933822, -0.003614, 0.003505, -0.00339003,  3, 05 
2457682.84691889817,  0.000416, 0.003532, -0.00319980,  3, 05 
2457682.84796345839,  0.002895, 0.003515, -0.00300865,  3, 05 
2457682.84899651771, -0.007321, 0.003507, -0.00281961,  3, 05 
2457682.85005607875, -0.007599, 0.003480, -0.00262573,  3, 05 
2457682.85110843927, -0.002055, 0.003526, -0.00243316,  3, 05 
2457682.85214789910,  0.004126, 0.003522, -0.00224295,  3, 05 
2457682.85319005931, -0.009587, 0.003538, -0.00205224,  3, 05 
2457682.85423611943, -0.005913, 0.003508, -0.00186082,  3, 05 
2457682.85528707970, -0.004974, 0.003502, -0.00166851,  3, 05 
2457682.85632843943, -0.003331, 0.003514, -0.00147795,  3, 05 
2457682.85737279989, -0.008411, 0.003502, -0.00128684,  3, 05 
2457682.85840445897,  0.004346, 0.003536, -0.00109806,  3, 05 
2457682.85944331856, -0.004167, 0.003519, -0.00090796,  3, 05 
2457682.86047777813, -0.001112, 0.003522, -0.00071867,  3, 05 
2457682.86151803797, -0.000896, 0.003539, -0.00052831,  3, 05 
2457682.86255029729, -0.007227, 0.003520, -0.00033942,  3, 05 
2457682.86360675795, -0.009305, 0.003519, -0.00014609,  3, 05 
2457682.86465111794, -0.003231, 0.003518, 0.00004501,  3, 05 
2457682.86568267737, -0.007645, 0.003525, 0.00017792,  3, 05 
2457682.86672523711, -0.007951, 0.003511, 0.00012527,  3, 05 
2457682.86776609672, -0.001870, 0.003510, 0.00007271,  3, 05 
2457682.86879695579, -0.006123, 0.003496, 0.00002066,  3, 05 
2457682.86984161614, -0.006258, 0.003503, -0.00003209,  3, 05 
2457682.87088737590, -0.004490, 0.003522, -0.00008490,  3, 05 
2457682.87194343656, -0.005726, 0.003508, -0.00013823,  3, 05 
2457682.87297759578, -0.005861, 0.003494, -0.00019045,  3, 05 
2457682.87402805593, -0.000620, 0.003501, -0.00024350,  3, 05 
2457682.87506541563, -0.001694, 0.003495, -0.00029588,  3, 05 
2457682.87610907527, -0.003480, 0.003524, -0.00034858,  3, 05 
2457682.87715533515, -0.007131, 0.003484, -0.00040142,  3, 05 
2457682.87818549434, -0.007724, 0.003485, -0.00045344,  3, 05 
2457682.87922425382, -0.005548, 0.003500, -0.00050589,  3, 05 
2457682.88027541433, -0.004840, 0.003479, -0.00055897,  3, 05 
2457682.88130987342, -0.000162, 0.003535, -0.00061121,  3, 05 
2457682.88236013381, -0.001119, 0.003513, -0.00066424,  3, 05 
2457682.88340189308, -0.002311, 0.003512, -0.00071685,  3, 05 
2457682.88444135292,  0.002893, 0.003519, -0.00076934,  3, 05 
2457682.88548901258,  0.000613, 0.003506, -0.00082069,  3, 05 
2457682.88653647248, -0.001476, 0.003492, -0.00083692,  3, 05 
2457682.88757463219, -0.003110, 0.003486, -0.00085301,  3, 05 
2457682.88862509234, -0.013239, 0.003457, -0.00086929,  3, 05 
2457682.88966625184, -0.002960, 0.003501, -0.00088543,  3, 05 
2457682.89069541078, -0.008238, 0.003476, -0.00090138,  3, 05 
2457682.89173497027, -0.005772, 0.003482, -0.00091750,  3, 05 
2457682.89277802967, -0.001511, 0.003477, -0.00093366,  3, 05 
2457682.89381898940,  0.004143, 0.003509, -0.00094980,  3, 05 
2457682.89487394970, -0.005944, 0.003492, -0.00096615,  3, 05 
2457682.89590260852, -0.003349, 0.003487, -0.00098209,  3, 05 
2457682.89693406736,  0.002277, 0.003526, -0.00099808,  3, 05 
2457682.89796862612, -0.003640, 0.003477, -0.00101411,  3, 05 
2457682.89901688602,  0.003697, 0.003517, -0.00103036,  3, 05 
2457682.90005544573, -0.006181, 0.003506, -0.00104646,  3, 05 
2457682.90109810513, -0.008251, 0.003460, -0.00106262,  3, 05 
2457682.90214276453, -0.002226, 0.003489, -0.00107881,  3, 05 
2457682.90317232348, -0.002890, 0.003495, -0.00109476,  3, 05 
2457682.90517533757, -0.001490, 0.003737, -0.00112581,  4, 05 
2457682.90676462837, -0.000036, 0.003551, -0.00113264,  4, 05 
2457682.90780348750, -0.000216, 0.003486, -0.00113472,  4, 05 
2457682.90884204675, -0.003639, 0.003494, -0.00113679,  4, 05 
2457682.90988900652, -0.006616, 0.003502, -0.00113889,  4, 05 
2457682.91092346562, -0.006427, 0.003483, -0.00114095,  4, 05 
2457682.91197312530, -0.001382, 0.003530, -0.00114305,  4, 05 
2457682.91302358545, -0.001897, 0.003491, -0.00114515,  4, 05 
2457682.91406374471, -0.000613, 0.003504, -0.00114724,  4, 05 
2457682.91511790454,  0.001067, 0.003498, -0.00114934,  4, 05 
2457682.91615876369, -0.005568, 0.003483, -0.00115142,  4, 05 
2457682.91720342357, -0.002944, 0.003498, -0.00115351,  4, 05 
2457682.91825028276, -0.000501, 0.003498, -0.00115561,  4, 05 
2457682.91930554295, -0.004398, 0.003487, -0.00115772,  4, 05 
2457682.92035770277, -0.001067, 0.003488, -0.00115982,  4, 05 
2457682.92140216241, -0.000104, 0.003511, -0.00116191,  4, 05 
2457682.92244392168,  0.003692, 0.003508, -0.00116399,  4, 05 
2457682.92349058110,  0.004729, 0.003523, -0.00116609,  4, 05 
2457682.92454034090, -0.000853, 0.003507, -0.00116819,  4, 05 
2457682.92558420030, -0.001581, 0.003503, -0.00116595,  4, 05 
2457682.92661575880,  0.007822, 0.003520, -0.00113552,  4, 05 
2457682.92766621849, -0.001077, 0.003514, -0.00110453,  4, 05 
2457682.92871437827, -0.000690, 0.003495, -0.00107361,  4, 05 
2457682.92975623719, -0.004804, 0.003491, -0.00104288,  4, 05 
2457682.93081159750, -0.001319, 0.003502, -0.00101175,  4, 05 
2457682.93186215684,  0.003667, 0.003499, -0.00098076,  4, 05 
2457682.93291231664, -0.007044, 0.003516, -0.00094978,  4, 05 
2457682.93396877684, -0.001722, 0.003507, -0.00091862,  4, 05 
2457682.93501043599, -0.000416, 0.003494, -0.00088789,  4, 05 
2457682.93605429493,  0.003373, 0.003528, -0.00085710,  4, 05 
2457682.93709005369, -0.000855, 0.003507, -0.00082655,  4, 05 
2457682.93814051338, -0.003581, 0.003512, -0.00079556,  4, 05 
2457682.93918847293, -0.000468, 0.003531, -0.00076465,  4, 05 
2457682.94023833238, -0.002657, 0.003517, -0.00073368,  4, 05 
2457682.94128509192, -0.000762, 0.003528, -0.00070280,  4, 05 
2457682.94233115111, -0.002117, 0.003533, -0.00067194,  4, 05 
2457682.94336740999, -0.003571, 0.003533, -0.00064137,  4, 05 
2457682.94441386918, -0.000782, 0.003535, -0.00061051,  4, 05 
2457682.94545782870, -0.006332, 0.003539, -0.00058017,  4, 05 
2457682.94650018774, -0.001510, 0.003574, -0.00059789,  4, 05 
2457682.94755204720,  0.001727, 0.003553, -0.00061577,  4, 05 
2457682.94859860651,  0.000971, 0.003562, -0.00063356,  4, 05 
2457682.94964706572, -0.003414, 0.003548, -0.00065138,  4, 05 
2457682.95069592539, -0.002462, 0.003564, -0.00066921,  4, 05 
2457682.95174128469,  0.002176, 0.003558, -0.00068698,  4, 05 
2457682.95278454339,  0.000066, 0.003549, -0.00070471,  4, 05 
2457682.95383560285, -0.003977, 0.003579, -0.00072258,  4, 05 
2457682.95487226173,  0.003888, 0.003573, -0.00074020,  4, 05 
2457682.95591972116, -0.001486, 0.003561, -0.00075801,  4, 05 
2457682.95696078008, -0.001117, 0.003576, -0.00077571,  4, 05 
2457682.95800323877, -0.003859, 0.003550, -0.00079343,  4, 05 
2457682.95905359834, -0.006302, 0.003590, -0.00081128,  4, 05 
2457682.96009325702,  0.001983, 0.003583, -0.00082896,  4, 05 
2457682.96113991644, -0.001738, 0.003574, -0.00084675,  4, 05 
2457682.96218307503,  0.000723, 0.003563, -0.00086448,  4, 05 
2457682.96322613396,  0.001792, 0.003571, -0.00088221,  4, 05 
2457682.96426649299, -0.006455, 0.003579, -0.00089990,  4, 05 
2457682.96531835245, -0.000213, 0.003582, -0.00091778,  4, 05 
2457682.96639411338, -0.002354, 0.003572, -0.00091528,  4, 05 
2457682.96743577207,  0.001111, 0.003597, -0.00091007,  4, 05 
2457682.96847403049,  0.010431, 0.003601, -0.00090488,  4, 05 
2457682.96951608965,  0.005259, 0.003622, -0.00089967,  4, 05 
2457682.97056374885, -0.003732, 0.003580, -0.00089443,  4, 05 
2457682.97161410796,  0.000367, 0.003598, -0.00088918,  4, 05 
2457682.97265586676, -0.007764, 0.003562, -0.00088397,  4, 05 
2457682.97369472543,  0.000191, 0.003609, -0.00087877,  4, 05 
2457682.97472708346, -0.000400, 0.003614, -0.00087361,  4, 05 
2457682.97577954317, -0.006143, 0.003599, -0.00086835,  4, 05 
2457682.97682350175, -0.001421, 0.003613, -0.00086313,  4, 05 
2457682.97786366055,  0.002075, 0.003615, -0.00085793,  4, 05 
2457682.97890441911,  0.003090, 0.003615, -0.00085273,  4, 05 
2457682.97995457845,  0.002862, 0.003601, -0.00084748,  4, 05 
2457682.98100823769, -0.004757, 0.003596, -0.00084221,  4, 05 
2457682.98205439653, -0.004530, 0.003597, -0.00083698,  4, 05 
2457682.98309685569, -0.000392, 0.003607, -0.00083177,  4, 05 
2457682.98415621510, -0.001203, 0.003594, -0.00082647,  4, 05 
2457682.98520277394, -0.002642, 0.003595, -0.00082124,  4, 05 
2457682.98625673354,  0.006116, 0.003621, -0.00073210,  4, 05 
2457682.98729919223, -0.000088, 0.003639, -0.00061848,  4, 05 
2457682.98834155081, -0.002986, 0.003597, -0.00050487,  4, 05 
2457682.98938260972, -0.001525, 0.003616, -0.00039140,  4, 05 
2457682.99042366818,  0.000855, 0.003651, -0.00027793,  4, 05 
2457682.99146462651,  0.000293, 0.003617, -0.00016447,  4, 05 
2457682.99250918534,  0.001450, 0.003643, -0.00005062,  4, 05 
2457682.99355024425, -0.001806, 0.003629, 0.00006285,  4, 05 
2457682.99458710244,  0.004794, 0.003655, 0.00017586,  4, 05 
2457682.99563286128,  0.000161, 0.003631, 0.00028984,  4, 05 
2457682.99666901957, -0.002208, 0.003620, 0.00040277,  4, 05 
2457682.99772577872, -0.004565, 0.003649, 0.00051796,  4, 05 
2457682.99876743741,  0.002376, 0.003658, 0.00063149,  4, 05 
2457682.99980129581, -0.002085, 0.003681, 0.00074417,  4, 05 
2457683.00084285391, -0.005538, 0.003650, 0.00085770,  4, 05 
2457683.00188841298,  0.000439, 0.003669, 0.00097166,  4, 05 
2457683.00293197157,  0.008292, 0.003696, 0.00108540,  4, 05 
2457683.00397183001,  0.002871, 0.003654, 0.00119874,  4, 05 
2457683.00501628872, -0.000404, 0.003707, 0.00131258,  4, 05 
2457683.00606884761, -0.003107, 0.003669, 0.00133098,  4, 05 
2457683.00710260589, -0.001210, 0.003695, 0.00128240,  4, 05 
2457683.00815356476, -0.002775, 0.003671, 0.00123301,  4, 05 
2457683.00919182319, -0.003815, 0.003664, 0.00118421,  4, 05 
2457683.01024008170, -0.000231, 0.003687, 0.00113494,  4, 05 
2457683.01129184105,  0.000898, 0.003682, 0.00108551,  4, 05 
2457683.01232909923, -0.012728, 0.003651, 0.00103677,  4, 05 
2457683.01338685863,  0.004825, 0.003691, 0.00098705,  4, 05 
2457682.73141332017, -0.010803, 0.003977, -0.00303500,  1, 06 
2457682.73245648108,  0.004306, 0.003933, -0.00312836,  1, 06 
2457682.73350654263,  0.006600, 0.003996, -0.00322233,  1, 06 
2457682.73456210410,  0.002726, 0.003928, -0.00331680,  1, 06 
2457682.73560616514,  0.003505, 0.003947, -0.00341024,  1, 06 
2457682.73666342674, -0.009724, 0.004158, -0.00350486,  1, 06 
2457682.73772198847, -0.003751, 0.003980, -0.00359959,  1, 06 
2457682.73876604950,  0.000876, 0.003862, -0.00369303,  1, 06 
2457682.73981201090,  0.000257, 0.003896, -0.00378664,  1, 06 
2457682.74087047251, -0.003682, 0.003897, -0.00388137,  1, 06 
2457682.74191193329, -0.006990, 0.003880, -0.00397457,  1, 06 
2457682.74296129448, -0.000952, 0.003839, -0.00406848,  1, 06 
2457682.74400275527, -0.006355, 0.003775, -0.00416169,  1, 06 
2457682.74505681684, -0.009630, 0.003892, -0.00425602,  1, 06 
2457682.74612227920, -0.005049, 0.003874, -0.00422794,  1, 06 
2457682.74716784013, -0.002228, 0.003862, -0.00413332,  1, 06 
2457682.74822030123,  0.003923, 0.003842, -0.00403808,  1, 06 
2457682.74927066267, -0.003729, 0.003861, -0.00394303,  1, 06 
2457682.75031462358,  0.006042, 0.003826, -0.00384855,  1, 06 
2457682.75136448490, -0.002800, 0.003868, -0.00375355,  1, 06 
2457682.75240024505,  0.010695, 0.003984, -0.00365982,  1, 06 
2457682.75344190607,  0.000604, 0.003825, -0.00356555,  1, 06 
2457682.75448516663, -0.005606, 0.003857, -0.00347114,  1, 06 
2457682.75553692784, -0.004624, 0.003829, -0.00337596,  1, 06 
2457682.75657228846,  0.005644, 0.003867, -0.00328227,  1, 06 
2457682.75761974929, -0.004673, 0.003829, -0.00318748,  1, 06 
2457682.75866211019, -0.004324, 0.003798, -0.00309315,  1, 06 
2457682.75971397152,  0.001820, 0.003836, -0.00299796,  1, 06 
2457682.76077013323,  0.008901, 0.003829, -0.00290239,  1, 06 
2457682.76182209421, -0.005434, 0.003943, -0.00280719,  1, 06 
2457682.76287295530, -0.010441, 0.003846, -0.00271209,  1, 06 
2457682.76393001713, -0.000575, 0.003854, -0.00261643,  1, 06 
2457682.76498967875, -0.000772, 0.003790, -0.00252054,  1, 06 
2457682.76603443967,  0.004835, 0.003727, -0.00250447,  1, 06 
2457682.76707620034, -0.000708, 0.003697, -0.00254718,  1, 06 
2457682.76812006114,  0.001531, 0.003754, -0.00258997,  1, 06 
2457682.76917702239,  0.001761, 0.003757, -0.00263331,  1, 06 
2457682.77023418387, -0.005491, 0.003932, -0.00267665,  1, 06 
2457682.77127564466, -0.008669, 0.003670, -0.00271934,  1, 06 
2457682.77231460530,  0.003098, 0.003705, -0.00276194,  1, 06 
2457682.77336196601, -0.004373, 0.003722, -0.00280488,  1, 06 
2457682.77442532778, -0.014345, 0.003778, -0.00284847,  1, 06 
2457682.77547788899, -0.000560, 0.003758, -0.00289163,  1, 06 
2457682.77650804911, -0.000938, 0.003658, -0.00293386,  1, 06 
2457682.77755830996, -0.016471, 0.004182, -0.00297692,  1, 06 
2457682.77860417077, -0.029594, 0.003630, -0.00301980,  1, 06 
2457682.77965923212, -0.004113, 0.003880, -0.00306305,  1, 06 
2457682.78072189400, -0.003461, 0.003639, -0.00310662,  1, 06 
2457682.78176445467,  0.004546, 0.003604, -0.00314936,  1, 06 
2457682.78280751547, -0.006242, 0.003632, -0.00319212,  1, 06 
2457682.78384927567, -0.005075, 0.003626, -0.00323483,  1, 06 
2457682.78490703739, -0.011803, 0.003772, -0.00327820,  1, 06 
2457682.78596739890, -0.007472, 0.003636, -0.00321041,  1, 06 
2457682.78702076012,  0.007664, 0.003629, -0.00303188,  1, 06 
2457682.78806022042, -0.003771, 0.003545, -0.00285570,  1, 06 
2457682.78910988150, -0.005826, 0.003556, -0.00267779,  1, 06 
2457682.79016814288, -0.000175, 0.003623, -0.00249843,  1, 06 
2457682.79121740395, -0.004189, 0.003528, -0.00232059,  1, 06 
2457682.79226326430, -0.002804, 0.003551, -0.00214332,  1, 06 
2457682.79332332592,  0.003947, 0.003598, -0.00196365,  1, 06 
2457682.79437658703, -0.005875, 0.003523, -0.00178514,  1, 06 
2457682.79542384809, -0.003910, 0.003544, -0.00160764,  1, 06 
2457682.79647430871, -0.007309, 0.003456, -0.00142959,  1, 06 
2457682.79752577003, -0.007367, 0.003507, -0.00125138,  1, 06 
2457682.79858293105, -0.000377, 0.003597, -0.00107220,  1, 06 
2457682.79963559238,  0.002865, 0.003514, -0.00089379,  1, 06 
2457682.80068415310,  0.006285, 0.003512, -0.00071607,  1, 06 
2457682.80173931411,  0.013740, 0.003543, -0.00053723,  1, 06 
2457682.80279397545, -0.010204, 0.003486, -0.00035847,  1, 06 
2457682.80382773513, -0.001354, 0.003479, -0.00018326,  1, 06 
2457682.80488099623, -0.003781, 0.003480, -0.00000474,  1, 06 
2457682.80593205709,  0.001681, 0.003506, 0.00001398,  1, 06 
2457682.80698401807, -0.003125, 0.003479, -0.00014854,  1, 06 
2457682.80803877907, -0.000204, 0.003455, -0.00031149,  1, 06 
2457682.80908043962, -0.003268, 0.003428, -0.00047242,  1, 06 
2457682.81011209916, -0.004888, 0.003452, -0.00063180,  1, 06 
2457682.81115715997,  0.004074, 0.003480, -0.00079325,  1, 06 
2457682.81219541980,  0.002473, 0.003476, -0.00095365,  1, 06 
2457682.81324458076, -0.005944, 0.003464, -0.00111574,  1, 06 
2457682.81429844163,  0.003268, 0.003451, -0.00127855,  1, 06 
2457682.81535400264, -0.001133, 0.003452, -0.00144163,  1, 06 
2457682.81639566272,  0.002477, 0.003457, -0.00160255,  1, 06 
2457682.81744372379,  0.005541, 0.003464, -0.00176447,  1, 06 
2457682.81849138439,  0.013941, 0.003459, -0.00192632,  1, 06 
2457682.81955284532,  0.016723, 0.003481, -0.00209031,  1, 06 
2457682.82060820656,  0.017244, 0.003478, -0.00225336,  1, 06 
2457682.82165286690,  0.015136, 0.003450, -0.00241475,  1, 06 
2457682.82270072773,  0.009120, 0.003441, -0.00257663,  1, 06 
2457682.82375938864,  0.012546, 0.003446, -0.00274018,  1, 06 
2457682.82482295018,  0.010955, 0.003444, -0.00290450,  1, 06 
2457682.82587381080,  0.014025, 0.003424, -0.00301017,  1, 06 
2457682.82692517154,  0.013464, 0.003420, -0.00303487,  1, 06 
2457682.82797683217,  0.018876, 0.003416, -0.00305959,  1, 06 
2457682.82902239263,  0.018220, 0.003417, -0.00308415,  1, 06 
2457682.83007165324,  0.016490, 0.003381, -0.00310881,  1, 06 
2457682.83110501291,  0.012743, 0.003375, -0.00313309,  1, 06 
2457682.83215897391,  0.020491, 0.003392, -0.00315786,  1, 06 
2457682.83320223400,  0.013922, 0.003397, -0.00318238,  1, 06 
2457682.83424929436,  0.013865, 0.003413, -0.00320698,  1, 06 
2457682.83530375548,  0.014070, 0.003404, -0.00323176,  1, 06 
2457682.83633601479,  0.005027, 0.003388, -0.00325601,  1, 06 
2457682.83739007590,  0.010552, 0.003394, -0.00328078,  1, 06 
2457682.83845163696,  0.015559, 0.003401, -0.00330573,  1, 06 
2457682.83950489759,  0.018953, 0.003450, -0.00333048,  1, 06 
2457682.84055805858,  0.011007, 0.003393, -0.00335523,  1, 06 
2457682.84162311954,  0.011537, 0.003400, -0.00338025,  1, 06 
2457682.84267958067,  0.010502, 0.003378, -0.00340508,  1, 06 
2457682.84372154064,  0.014403, 0.003382, -0.00342956,  1, 06 
2457682.84477440128,  0.008068, 0.003384, -0.00345431,  1, 06 
2457682.84582936205,  0.007391, 0.003390, -0.00339917,  1, 06 
2457682.84688322293,  0.004052, 0.003367, -0.00320633,  1, 06 
2457682.84793338319,  0.000272, 0.003341, -0.00301416,  1, 06 
2457682.84898824384,  0.002511, 0.003360, -0.00282113,  1, 06 
2457682.85003320407,  0.002235, 0.003370, -0.00262991,  1, 06 
2457682.85109136533,  0.000638, 0.003362, -0.00243628,  1, 06 
2457682.85214752611,  0.009700, 0.003391, -0.00224301,  1, 06 
2457682.85319738649, -0.004147, 0.003364, -0.00205090,  1, 06 
2457682.85425644740, -0.003096, 0.003354, -0.00185710,  1, 06 
2457682.85530910781, -0.002993, 0.003388, -0.00166448,  1, 06 
2457682.85636086809,  0.000824, 0.003372, -0.00147202,  1, 06 
2457682.85742322914, -0.002252, 0.003365, -0.00127761,  1, 06 
2457682.85847108951,  0.003091, 0.003360, -0.00108587,  1, 06 
2457682.85952285025,  0.003809, 0.003378, -0.00089341,  1, 06 
2457682.86057061050, -0.002475, 0.003363, -0.00070168,  1, 06 
2457682.86162727093, -0.001417, 0.003371, -0.00050832,  1, 06 
2457682.86267723143, -0.004728, 0.003374, -0.00031619,  1, 06 
2457682.86373609211,  0.001799, 0.003382, -0.00012243,  1, 06 
2457682.86478935275, -0.003181, 0.003363, 0.00007031,  1, 06 
2457682.86583041260,  0.001103, 0.003366, 0.00017046,  1, 06 
2457682.86687417235, -0.002894, 0.003348, 0.00011775,  1, 06 
2457682.86792733287,  0.002399, 0.003379, 0.00006457,  1, 06 
2457682.86895699194,  0.001360, 0.003361, 0.00001258,  1, 06 
2457682.86999645177,  0.005959, 0.003365, -0.00003991,  1, 06 
2457682.87104701204, -0.004495, 0.003356, -0.00009296,  1, 06 
2457682.87209317181, -0.004201, 0.003360, -0.00014579,  1, 06 
2457682.87314203195, -0.000734, 0.003351, -0.00019876,  1, 06 
2457682.87418199191, -0.002317, 0.003350, -0.00025127,  1, 06 
2457682.87522865180, -0.006181, 0.003328, -0.00030412,  1, 06 
2457682.87628071196,  0.006933, 0.003369, -0.00035725,  1, 06 
2457682.87733427249,  0.001786, 0.003340, -0.00041045,  1, 06 
2457682.87837553211,  0.004643, 0.003338, -0.00046303,  1, 06 
2457682.87942039222,  0.000953, 0.003351, -0.00051580,  1, 06 
2457682.88045855146,  0.005658, 0.003379, -0.00056822,  1, 06 
2457682.88150851149,  0.000446, 0.003352, -0.00062124,  1, 06 
2457682.88255857164, -0.002927, 0.003345, -0.00067426,  1, 06 
2457682.88360753190, -0.003859, 0.003347, -0.00072723,  1, 06 
2457682.88465069141, -0.002882, 0.003344, -0.00077991,  1, 06 
2457682.88570325170, -0.003997, 0.003335, -0.00082401,  1, 06 
2457682.88674161118,  0.000890, 0.003342, -0.00084010,  1, 06 
2457682.88778597116,  0.006755, 0.003344, -0.00085629,  1, 06 
2457682.88883123081, -0.000835, 0.003336, -0.00087249,  1, 06 
2457682.88988389121,  0.004336, 0.003346, -0.00088881,  1, 06 
2457682.89092335058,  0.001508, 0.003338, -0.00090492,  1, 06 
2457682.89197211061, -0.004711, 0.003344, -0.00092117,  1, 06 
2457682.89302997105,  0.001896, 0.003358, -0.00093757,  1, 06 
2457682.89407463046, -0.003055, 0.003349, -0.00095376,  1, 06 
2457682.89511338994,  0.003273, 0.003346, -0.00096986,  1, 06 
2457682.89615804981, -0.000002, 0.003348, -0.00098605,  1, 06 
2457682.89720840985,  0.001973, 0.003348, -0.00100233,  1, 06 
2457682.89825306926, -0.000983, 0.003357, -0.00101852,  1, 06 
2457682.89930632943,  0.003769, 0.003361, -0.00103484,  1, 06 
2457682.90036368975, -0.000720, 0.003341, -0.00105123,  1, 06 
2457682.90140854940, -0.000619, 0.003350, -0.00106743,  1, 06 
2457682.90246360982, -0.003927, 0.003326, -0.00108378,  1, 06 
2457682.90350806946, -0.002944, 0.003333, -0.00109997,  1, 06 
2457682.90553198475,       nan,      nan, -0.00113017,  2, 06 
2457682.90657444438,       nan,      nan, -0.00113226,  2, 06 
2457682.90762490407,  0.001724, 0.003351, -0.00113436,  2, 06 
2457682.90867506433, -0.003995, 0.003368, -0.00113646,  2, 06 
2457682.90973222442, -0.001226, 0.003339, -0.00113857,  2, 06 
2457682.91078908462, -0.000673, 0.003352, -0.00114069,  2, 06 
2457682.91184954531,  0.000154, 0.003350, -0.00114281,  2, 06 
2457682.91289570462,  0.008275, 0.003369, -0.00114490,  2, 06 
2457682.91395256482,  0.004288, 0.003347, -0.00114701,  2, 06 
2457682.91500942502,  0.001558, 0.003364, -0.00114913,  2, 06 
2457682.91605548467, -0.006135, 0.003331, -0.00115122,  2, 06 
2457682.91710654460,  0.002144, 0.003349, -0.00115332,  2, 06 
2457682.91814830387, -0.003361, 0.003335, -0.00115540,  2, 06 
2457682.91920996457, -0.001775, 0.003326, -0.00115753,  2, 06 
2457682.92025132384, -0.000833, 0.003338, -0.00115961,  2, 06 
2457682.92129528290, -0.005287, 0.003329, -0.00116170,  2, 06 
2457682.92233354226,  0.003888, 0.003351, -0.00116377,  2, 06 
2457682.92337920144, -0.001093, 0.003344, -0.00116586,  2, 06 
2457682.92441616068,  0.007408, 0.003370, -0.00116794,  2, 06 
2457682.92546422035,  0.004737, 0.003345, -0.00116949,  2, 06 
2457682.92651177989,  0.000743, 0.003346, -0.00113859,  2, 06 
2457682.92755343905, -0.002704, 0.003331, -0.00110786,  2, 06 
2457682.92860029871, -0.004896, 0.003343, -0.00107698,  2, 06 
2457682.92964045750, -0.004583, 0.003344, -0.00104630,  2, 06 
2457682.93066911586, -0.009372, 0.003328, -0.00101595,  2, 06 
2457682.93170437496,  0.000376, 0.003367, -0.00098541,  2, 06 
2457682.93275453476, -0.007530, 0.003352, -0.00095444,  2, 06 
2457682.93379869405, -0.000545, 0.003361, -0.00092364,  2, 06 
2457682.93485735403,  0.004507, 0.003361, -0.00089241,  2, 06 
2457682.93591541424,  0.001602, 0.003383, -0.00086120,  2, 06 
2457682.93695777329, -0.004603, 0.003336, -0.00083045,  2, 06 
2457682.93800633261, -0.002242, 0.003362, -0.00079952,  2, 06 
2457682.93905999232, -0.000425, 0.003370, -0.00076844,  2, 06 
2457682.94009215105,  0.005351, 0.003381, -0.00073799,  2, 06 
2457682.94113411009, -0.000009, 0.003373, -0.00070725,  2, 06 
2457682.94217936927,  0.001801, 0.003392, -0.00067642,  2, 06 
2457682.94322912907,  0.002442, 0.003364, -0.00064545,  2, 06 
2457682.94427288836,  0.007639, 0.003400, -0.00061466,  2, 06 
2457682.94530784665,  0.004515, 0.003397, -0.00058413,  2, 06 
2457682.94636730663,  0.004087, 0.003391, -0.00059563,  2, 06 
2457682.94740416575,  0.001234, 0.003383, -0.00061325,  2, 06 
2457682.94844502443,  0.002099, 0.003381, -0.00063095,  2, 06 
2457682.94948638370,  0.000653, 0.003384, -0.00064865,  2, 06 
2457682.95052634226,  0.003882, 0.003392, -0.00066633,  2, 06 
2457682.95157240191,  0.001528, 0.003392, -0.00068411,  2, 06 
2457682.95260746032,  0.002881, 0.003411, -0.00070170,  2, 06 
2457682.95365081914, -0.000268, 0.003400, -0.00071944,  2, 06 
2457682.95468797814,  0.000792, 0.003430, -0.00073707,  2, 06 
2457682.95572023652, -0.000406, 0.003404, -0.00075462,  2, 06 
2457682.95676829573,  0.002822, 0.003421, -0.00077243,  2, 06 
2457682.95780515438,  0.000638, 0.003420, -0.00079006,  2, 06 
2457682.95885081356,  0.003708, 0.003443, -0.00080783,  2, 06 
2457682.95989647275,  0.010361, 0.003455, -0.00082561,  2, 06 
2457682.96093393117, -0.004355, 0.003423, -0.00084325,  2, 06 
2457682.96197859058, -0.000590, 0.003418, -0.00086100,  2, 06 
2457682.96301754937,  0.005763, 0.003448, -0.00087867,  2, 06 
2457682.96406310843, -0.004253, 0.003431, -0.00089644,  2, 06 
2457682.96510036709, -0.000536, 0.003423, -0.00091407,  2, 06 
2457682.96615662659, -0.004309, 0.003423, -0.00091646,  2, 06 
2457682.96720768604, -0.002123, 0.003448, -0.00091121,  2, 06 
2457682.96825194499, -0.000593, 0.003432, -0.00090599,  2, 06 
2457682.96928050276,  0.001060, 0.003441, -0.00090084,  2, 06 
2457682.97031516163,  0.002968, 0.003441, -0.00089567,  2, 06 
2457682.97135822009,  0.004519, 0.003478, -0.00089046,  2, 06 
2457682.97239857912, -0.008380, 0.003451, -0.00088525,  2, 06 
2457682.97343533766,  0.000786, 0.003458, -0.00088007,  2, 06 
2457682.97447989648,  0.001866, 0.003453, -0.00087485,  2, 06 
2457682.97551355464,  0.008496, 0.003467, -0.00086968,  2, 06 
2457682.97655381355,  0.000381, 0.003456, -0.00086448,  2, 06 
2457682.97758167144,  0.008389, 0.003466, -0.00085934,  2, 06 
2457682.97862353036,  0.003951, 0.003457, -0.00085413,  2, 06 
2457682.97967578936,  0.003932, 0.003468, -0.00084887,  2, 06 
2457682.98071364779,  0.006886, 0.003465, -0.00084368,  2, 06 
2457682.98176380713,  0.001135, 0.003456, -0.00083843,  2, 06 
2457682.98281226633,  0.006217, 0.003446, -0.00083319,  2, 06 
2457682.98385672504,  0.001560, 0.003469, -0.00082797,  2, 06 
2457682.98490528436, -0.000265, 0.003451, -0.00082272,  2, 06 
2457682.98593874229, -0.001757, 0.003461, -0.00076676,  2, 06 
2457682.98697800096,  0.006088, 0.003467, -0.00065349,  2, 06 
2457682.98802005965,  0.001243, 0.003461, -0.00053991,  2, 06 
2457682.98905821797,  0.002445, 0.003487, -0.00042676,  2, 06 
2457682.99010377703,  0.002164, 0.003486, -0.00031280,  2, 06 
2457682.99113753531, -0.001694, 0.003475, -0.00020012,  2, 06 
2457682.99218949443,  0.006051, 0.003481, -0.00008547,  2, 06 
2457682.99322445272, -0.000098, 0.003471, 0.00002734,  2, 06 
2457682.99426521128, -0.007148, 0.003467, 0.00014077,  2, 06 
2457682.99531567004, -0.000171, 0.003477, 0.00025527,  2, 06 
2457682.99635622883, -0.004297, 0.003477, 0.00036868,  2, 06 
2457682.99739758717,  0.001871, 0.003516, 0.00048218,  2, 06 
2457682.99844224611,  0.000684, 0.003501, 0.00059605,  2, 06 
2457682.99948530458, -0.001927, 0.003515, 0.00070973,  2, 06 
2457683.00053576380,  0.013566, 0.003533, 0.00082423,  2, 06 
2457683.00158752268,  0.006880, 0.003506, 0.00093886,  2, 06 
2457683.00261988072, -0.002006, 0.003534, 0.00105138,  2, 06 
2457683.00364933861, -0.008029, 0.003486, 0.00116359,  2, 06 
2457683.00469099730,  0.002133, 0.003516, 0.00127712,  2, 06 
2457683.00573195564, -0.003289, 0.003519, 0.00134681,  2, 06 
2457683.00677451398, -0.000876, 0.003530, 0.00129782,  2, 06 
2457683.00782247307, -0.002242, 0.003549, 0.00124857,  2, 06 
2457683.00887163170,  0.005672, 0.003531, 0.00119926,  2, 06 
2457683.00992269069,  0.007019, 0.003510, 0.00114986,  2, 06 
2457683.01095414860,  0.007129, 0.003537, 0.00110139,  2, 06 
2457683.01198590687,  0.000972, 0.003533, 0.00105290,  2, 06 
2457683.01303336537, -0.002030, 0.003515, 0.00100367,  2, 06 
2457682.73066457035,  0.000408, 0.004772, -0.00296799,  3, 08 
2457682.73172583245, -0.000069, 0.004854, -0.00306297,  3, 08 
2457682.73277819389, -0.008447, 0.004775, -0.00315715,  3, 08 
2457682.73384015588, -0.004006, 0.004751, -0.00325219,  3, 08 
2457682.73489381745, -0.007583, 0.004684, -0.00334649,  3, 08 
2457682.73594727879,  0.000398, 0.004764, -0.00344076,  3, 08 
2457682.73700384051,  0.000349, 0.004764, -0.00353532,  3, 08 
2457682.73805650184, -0.019392, 0.004773, -0.00362953,  3, 08 
2457682.73909816286,  0.002313, 0.004675, -0.00372275,  3, 08 
2457682.74015212432,  0.001969, 0.004652, -0.00381708,  3, 08 
2457682.74120838614,  0.015382, 0.004980, -0.00391161,  3, 08 
2457682.74225664698, -0.012723, 0.004615, -0.00400542,  3, 08 
2457682.74330830853, -0.001639, 0.004590, -0.00409954,  3, 08 
2457682.74436197011,  0.001080, 0.004560, -0.00419384,  3, 08 
2457682.74541133130, -0.009551, 0.004593, -0.00428775,  3, 08 
2457682.74645769224, -0.002013, 0.004700, -0.00419759,  3, 08 
2457682.74750555353, -0.000929, 0.004724, -0.00410276,  3, 08 
2457682.74855221435,  0.004094, 0.004714, -0.00400804,  3, 08 
2457682.74960547592,  0.001416, 0.004613, -0.00391273,  3, 08 
2457682.75065463735,  0.004223, 0.004714, -0.00381779,  3, 08 
2457682.75170039805,  0.001870, 0.004645, -0.00372315,  3, 08 
2457682.75274255872,  0.000830, 0.004638, -0.00362884,  3, 08 
2457682.75378421973, -0.011279, 0.004672, -0.00353457,  3, 08 
2457682.75482628029, -0.010697, 0.004707, -0.00344027,  3, 08 
2457682.75587334158, -0.003178, 0.004655, -0.00334552,  3, 08 
2457682.75692050252, -0.005806, 0.004600, -0.00325076,  3, 08 
2457682.75797346374, -0.007833, 0.004597, -0.00315547,  3, 08 
2457682.75902682543, -0.004895, 0.004540, -0.00306015,  3, 08 
2457682.76008068677,  0.007627, 0.004604, -0.00296478,  3, 08 
2457682.76112894760, -0.000660, 0.004678, -0.00286992,  3, 08 
2457682.76217480842, -0.002162, 0.004794, -0.00277527,  3, 08 
2457682.76324007055,  0.001987, 0.004571, -0.00267887,  3, 08 
2457682.76428443147,  0.009251, 0.004585, -0.00258436,  3, 08 
2457682.76534219319, -0.004486, 0.004508, -0.00248864,  3, 08 
2457682.76639175415, -0.001842, 0.004482, -0.00251912,  3, 08 
2457682.76743641496, -0.002002, 0.004490, -0.00256194,  3, 08 
2457682.76848357590, -0.000793, 0.004471, -0.00260488,  3, 08 
2457682.76953973761, -0.004151, 0.004583, -0.00264818,  3, 08 
2457682.77059409861, -0.003820, 0.004547, -0.00269140,  3, 08 
2457682.77165026031, -0.003541, 0.004509, -0.00273470,  3, 08 
2457682.77270212164,  0.001900, 0.004496, -0.00277783,  3, 08 
2457682.77376488317, -0.001415, 0.004496, -0.00282140,  3, 08 
2457682.77481804462,  0.007014, 0.004507, -0.00286457,  3, 08 
2457682.77586780582, -0.014944, 0.004462, -0.00290761,  3, 08 
2457682.77691746689, -0.000820, 0.004417, -0.00295064,  3, 08 
2457682.77796352748,  0.006543, 0.004616, -0.00299353,  3, 08 
2457682.77901098831, -0.001870, 0.004409, -0.00303647,  3, 08 
2457682.78005794948,  0.009566, 0.004454, -0.00307940,  3, 08 
2457682.78109930968,  0.001680, 0.004406, -0.00312209,  3, 08 
2457682.78215527115,  0.004471, 0.004414, -0.00316538,  3, 08 
2457682.78320173221, -0.002243, 0.004362, -0.00320828,  3, 08 
2457682.78426219383,  0.008427, 0.004442, -0.00325176,  3, 08 
2457682.78531505493, -0.001346, 0.004384, -0.00329493,  3, 08 
2457682.78636081563, -0.008932, 0.004380, -0.00314373,  3, 08 
2457682.78740257584, -0.002659, 0.004309, -0.00296716,  3, 08 
2457682.78845233703,  0.004084, 0.004274, -0.00278924,  3, 08 
2457682.78950249776,  0.005657, 0.004372, -0.00261125,  3, 08 
2457682.79055695934, -0.004050, 0.004290, -0.00243253,  3, 08 
2457682.79160352005, -0.007939, 0.004250, -0.00225514,  3, 08 
2457682.79264668049, -0.005339, 0.004261, -0.00207834,  3, 08 
2457682.79371084226,  0.000913, 0.004273, -0.00189797,  3, 08 
2457682.79476120323,  0.005712, 0.004303, -0.00171995,  3, 08 
2457682.79580726381, -0.002012, 0.004304, -0.00154265,  3, 08 
2457682.79686472518,  0.002658, 0.004250, -0.00136342,  3, 08 
2457682.79791028611,  0.005880, 0.004288, -0.00118621,  3, 08 
2457682.79896344710, -0.005193, 0.004240, -0.00100771,  3, 08 
2457682.80001820810, -0.006885, 0.004225, -0.00082894,  3, 08 
2457682.80106206844, -0.012690, 0.004298, -0.00065201,  3, 08 
2457682.80211322941,  0.010252, 0.004528, -0.00047385,  3, 08 
2457682.80317669129,  0.006959, 0.004275, -0.00029361,  3, 08 
2457682.80422845203, -0.001481, 0.004212, -0.00011534,  3, 08 
2457682.80528081302, -0.004408, 0.004219, 0.00006302,  3, 08 
2457682.80632347381, -0.002301, 0.004189, -0.00004649,  3, 08 
2457682.80736503378, -0.007313, 0.004203, -0.00020740,  3, 08 
2457682.80840689410,  0.001651, 0.004218, -0.00036836,  3, 08 
2457682.80945825530, -0.001303, 0.004194, -0.00053079,  3, 08 
2457682.81050701579, -0.011961, 0.004162, -0.00069281,  3, 08 
2457682.81156967720, -0.000016, 0.004210, -0.00085698,  3, 08 
2457682.81261793803, -0.005715, 0.004183, -0.00101893,  3, 08 
2457682.81367409928, -0.002507, 0.004184, -0.00118210,  3, 08 
2457682.81578362128, -0.008463, 0.004119, -0.00150800,  3, 08 
2457682.81683068210,  0.001775, 0.004151, -0.00166976,  3, 08 
2457682.81788394274,  0.007670, 0.004204, -0.00183248,  3, 08 
2457682.81893180357,  0.005522, 0.004137, -0.00199437,  3, 08 
2457682.81998086395, -0.002846, 0.004143, -0.00215644,  3, 08 
2457682.82103232481,  0.002193, 0.004124, -0.00231888,  3, 08 
2457682.82209048606,  0.006323, 0.004167, -0.00248235,  3, 08 
2457682.82314284705,  0.010788, 0.004167, -0.00264493,  3, 08 
2457682.82419260778,  0.017490, 0.004139, -0.00280711,  3, 08 
2457682.82525016880,  0.012126, 0.004116, -0.00297050,  3, 08 
2457682.82631363021, -0.000629, 0.004081, -0.00302050,  3, 08 
2457682.82735549007,  0.014479, 0.004111, -0.00304498,  3, 08 
2457682.82840075064,  0.013738, 0.004070, -0.00306955,  3, 08 
2457682.82945051137,  0.004948, 0.004010, -0.00309421,  3, 08 
2457682.83050297201,  0.019676, 0.004090, -0.00311895,  3, 08 
2457682.83155343262,  0.010475, 0.004043, -0.00314363,  3, 08 
2457682.83259799285,  0.016592, 0.004067, -0.00316818,  3, 08 
2457682.83365075383,  0.007638, 0.004056, -0.00319291,  3, 08 
2457682.83469741419,  0.011409, 0.004075, -0.00321751,  3, 08 
2457682.83574597444,  0.003144, 0.004037, -0.00324215,  3, 08 
2457682.83678483451,  0.002383, 0.004075, -0.00326656,  3, 08 
2457682.83784229541,  0.007112, 0.004044, -0.00329141,  3, 08 
2457682.83889645617,  0.011112, 0.004120, -0.00331618,  3, 08 
2457682.83994101640,  0.006666, 0.004068, -0.00334073,  3, 08 
2457682.84098667698,  0.000701, 0.004070, -0.00336530,  3, 08 
2457682.84203163721,  0.009441, 0.004073, -0.00338985,  3, 08 
2457682.84308499796,  0.007199, 0.004055, -0.00341461,  3, 08 
2457682.84412345756,  0.008309, 0.004070, -0.00343901,  3, 08 
2457682.84517651843, -0.002408, 0.004044, -0.00346375,  3, 08 
2457682.84622457856,  0.006092, 0.004053, -0.00332685,  3, 08 
2457682.84726073826, -0.005151, 0.004055, -0.00313724,  3, 08 
2457682.84830589872,  0.001078, 0.004032, -0.00294599,  3, 08 
2457682.84934365842,  0.002495, 0.004039, -0.00275609,  3, 08 
2457682.85039221868,  0.000924, 0.004054, -0.00256422,  3, 08 
2457682.85143537866,  0.001814, 0.004051, -0.00237333,  3, 08 
2457682.85248353891,  0.001974, 0.004071, -0.00218153,  3, 08 
2457682.85352819925,  0.011785, 0.004082, -0.00199036,  3, 08 
2457682.85456445860, -0.003427, 0.004047, -0.00180074,  3, 08 
2457682.85561231896,  0.002873, 0.004015, -0.00160899,  3, 08 
2457682.85665487917, -0.003063, 0.004029, -0.00141822,  3, 08 
2457682.85770373931, -0.007703, 0.004025, -0.00122628,  3, 08 
2457682.85874549905, -0.001184, 0.004031, -0.00103565,  3, 08 
2457682.85978785902, -0.002181, 0.004055, -0.00084491,  3, 08 
2457682.86083101900, -0.003813, 0.004072, -0.00065403,  3, 08 
2457682.86188577954, -0.008094, 0.004052, -0.00046102,  3, 08 
2457682.86293544015,  0.003164, 0.004074, -0.00026894,  3, 08 
2457682.86397389974, -0.003072, 0.004056, -0.00007891,  3, 08 
2457682.86501615960,  0.001867, 0.004040, 0.00011181,  3, 08 
2457682.86606571963, -0.007365, 0.004016, 0.00015858,  3, 08 
2457682.86711087963, -0.008384, 0.004030, 0.00010580,  3, 08 
2457682.86816794053,  0.004276, 0.004039, 0.00005242,  3, 08 
2457682.86920710001,  0.003004, 0.004024, -0.00000005,  3, 08 
2457682.87024335936, -0.004412, 0.004026, -0.00005238,  3, 08 
2457682.87130272016, -0.008865, 0.004046, -0.00010588,  3, 08 
2457682.87232677918, -0.001871, 0.004044, -0.00015759,  3, 08 
2457682.87337653944, -0.001221, 0.003996, -0.00021060,  3, 08 
2457682.87442759937,  0.005933, 0.004044, -0.00026367,  3, 08 
2457682.87547325948, -0.010963, 0.004001, -0.00031648,  3, 08 
2457682.87652401999, -0.009741, 0.004023, -0.00036954,  3, 08 
2457682.87756937975, -0.002997, 0.004045, -0.00042232,  3, 08 
2457682.87861253927, -0.004305, 0.003999, -0.00047500,  3, 08 
2457682.87965759914, -0.005572, 0.004018, -0.00052777,  3, 08 
2457682.88069925923, -0.005808, 0.004070, -0.00058037,  3, 08 
2457682.88174781902,  0.000959, 0.004042, -0.00063332,  3, 08 
2457682.88279637927, -0.016769, 0.003953, -0.00068627,  3, 08 
2457682.88384833932, -0.003009, 0.004010, -0.00073939,  3, 08 
2457682.88488919893, -0.002257, 0.004004, -0.00079195,  3, 08 
2457682.88593565905, -0.006286, 0.004053, -0.00082761,  3, 08 
2457682.88699111948, -0.003803, 0.004037, -0.00084397,  3, 08 
2457682.88803917915,  0.000263, 0.004022, -0.00086021,  3, 08 
2457682.88907453837,  0.005679, 0.004077, -0.00087626,  3, 08 
2457682.89012169838, -0.001915, 0.004015, -0.00089249,  3, 08 
2457682.89116315776, -0.003817, 0.004055, -0.00090863,  3, 08 
2457682.89222281845, -0.001404, 0.004014, -0.00092506,  3, 08 
2457682.89327617874, -0.001319, 0.004051, -0.00094138,  3, 08 
2457682.89432493877, -0.014155, 0.003976, -0.00095764,  3, 08 
2457682.89537819894, -0.007497, 0.004000, -0.00097396,  3, 08 
2457682.89641775843, -0.007478, 0.004016, -0.00099007,  3, 08 
2457682.89746761834, -0.013303, 0.003934, -0.00100635,  3, 08 
2457682.89851567801, -0.001994, 0.003993, -0.00102259,  3, 08 
2457682.89956983831, -0.004835, 0.004020, -0.00103893,  3, 08 
2457682.90062149847, -0.005507, 0.004042, -0.00105523,  3, 08 
2457682.90166415786, -0.001692, 0.004033, -0.00107139,  3, 08 
2457682.90271081775, -0.005127, 0.004007, -0.00108761,  3, 08 
2457682.90376277780, -0.005947, 0.004021, -0.00110392,  3, 08 
2457682.90578169283,       nan,      nan, -0.00113067,  4, 08 
2457682.90684945369,       nan,      nan, -0.00113281,  4, 08 
2457682.90791151440,  0.000877, 0.004033, -0.00113493,  4, 08 
2457682.90895317402, -0.006881, 0.004002, -0.00113701,  4, 08 
2457682.91000593407, -0.001423, 0.004023, -0.00113912,  4, 08 
2457682.91105179349, -0.017576, 0.004098, -0.00114121,  4, 08 
2457682.91209425312, -0.016069, 0.004072, -0.00114330,  4, 08 
2457682.91315121297, -0.000462, 0.004035, -0.00114541,  4, 08 
2457682.91419787286,  0.005338, 0.004038, -0.00114750,  4, 08 
2457682.91524543241, -0.004820, 0.004027, -0.00114960,  4, 08 
2457682.91629519220, -0.004837, 0.004141, -0.00115170,  4, 08 
2457682.91735055251, -0.015255, 0.004084, -0.00115381,  4, 08 
2457682.91858682269,  0.001487, 0.004033, -0.00115628,  4, 08 
2457682.91963008186,  0.001346, 0.004078, -0.00115837,  4, 08 
2457682.92067764187,  0.011765, 0.004636, -0.00116046,  4, 08 
2457682.92277756101,  0.006670, 0.004053, -0.00116466,  4, 08 
2457682.92382222041,  0.009221, 0.004063, -0.00116675,  4, 08 
2457682.92487128032,  0.011376, 0.004148, -0.00116885,  4, 08 
2457682.92592203990, -0.003115, 0.004047, -0.00115598,  4, 08 
2457682.92697629984, -0.000225, 0.004048, -0.00112488,  4, 08 
2457682.92801645910, -0.004746, 0.004035, -0.00109420,  4, 08 
2457682.92907201918, -0.001167, 0.004067, -0.00106306,  4, 08 
2457682.93010797817,  0.009893, 0.004129, -0.00103251,  4, 08 
2457682.93114823708,  0.002530, 0.004079, -0.00100182,  4, 08 
2457682.93219789676,  0.004264, 0.004079, -0.00097086,  4, 08 
2457682.93325055670, -0.006940, 0.004029, -0.00093980,  4, 08 
2457682.93429581588,  0.006029, 0.004069, -0.00090897,  4, 08 
2457682.93534767535, -0.001606, 0.004237, -0.00087794,  4, 08 
2457682.93639953528, -0.017048, 0.004168, -0.00084691,  4, 08 
2457682.93744489457, -0.007250, 0.004029, -0.00081608,  4, 08 
2457682.93850505492,  0.003776, 0.004052, -0.00078481,  4, 08 
2457682.93955071410,  0.001046, 0.004135, -0.00075396,  4, 08 
2457682.94059787365, -0.012609, 0.004098, -0.00072307,  4, 08 
2457682.94165213313,  0.013615, 0.010292, -0.00069197,  4, 08 
2457682.94270039257,  0.002696, 0.004104, -0.00066105,  4, 08 
2457682.94374785200,  0.001047, 0.004091, -0.00063015,  4, 08 
2457682.94480201183, -0.006573, 0.004082, -0.00059906,  4, 08 
2457682.94585887203, -0.001199, 0.004177, -0.00058698,  4, 08 
2457682.94794368977,  0.004620, 0.004088, -0.00062242,  4, 08 
2457682.94899344957,  0.000346, 0.004478, -0.00064027,  4, 08 
2457682.95003230823,  0.012409, 0.004928, -0.00065793,  4, 08 
2457682.95218423009,  0.000268, 0.004130, -0.00069451,  4, 08 
2457682.95323048951,  0.008974, 0.004117, -0.00071229,  4, 08 
2457682.95427234843, -0.012103, 0.004160, -0.00073001,  4, 08 
2457682.95532110753, -0.279884, 0.025053, -0.00074783,  4, 08 
2457682.95743062720, -0.003505, 0.004113, -0.00078369,  4, 08 
2457682.95847368613, -0.004410, 0.004142, -0.00080142,  4, 08 
2457682.95952704549, -0.013816, 0.005493, -0.00081933,  4, 08 
2457682.96056810440,  0.005329, 0.004318, -0.00083703,  4, 08 
2457682.96267452370,  0.002384, 0.004190, -0.00087283,  4, 08 
2457682.96371488227,  0.006061, 0.004174, -0.00089052,  4, 08 
2457682.96475734143,  0.010255, 0.004305, -0.00090824,  4, 08 
2457682.96580330050,  0.007159, 0.004384, -0.00091823,  4, 08 
2457682.96684955945, -0.002019, 0.004158, -0.00091300,  4, 08 
2457682.96789471852,  0.010835, 0.004215, -0.00090777,  4, 08 
2457682.96893237717,  0.001135, 0.004175, -0.00090258,  4, 08 
2457682.96998023614,  0.009939, 0.004354, -0.00089735,  4, 08 
2457682.97102349531,  0.010614, 0.004343, -0.00089213,  4, 08 
2457682.97207535477,  0.012261, 0.004240, -0.00088687,  4, 08 
2457682.97311771335, -0.003252, 0.004177, -0.00088166,  4, 08 
2457682.97416097205,  0.001508, 0.004205, -0.00087644,  4, 08 
2457682.97520863125, -0.009053, 0.004315, -0.00087121,  4, 08 
2457682.97625449020, -0.011237, 0.004240, -0.00086598,  4, 08 
2457682.97730094939, -0.001597, 0.004195, -0.00086074,  4, 08 
2457682.97834950872,  0.006715, 0.004222, -0.00085550,  4, 08 
2457682.97939806757, -0.014242, 0.007180, -0.00085026,  4, 08 
2457682.98043432599, -0.013071, 0.004281, -0.00084508,  4, 08 
2457682.98147958517, -0.005380, 0.004268, -0.00083985,  4, 08 
2457682.98252254352, -0.010178, 0.004197, -0.00083464,  4, 08 
2457682.98355800193,  0.002392, 0.004238, -0.00082946,  4, 08 
2457682.98460776126, -0.011278, 0.004222, -0.00082421,  4, 08 
2457682.98565082019, -0.002101, 0.004334, -0.00079814,  4, 08 
2457682.98670567945,  0.000713, 0.004534, -0.00068317,  4, 08 
2457682.98775293818, -0.001430, 0.004204, -0.00056902,  4, 08 
2457682.98879919713,  0.004435, 0.004249, -0.00045499,  4, 08 
2457682.98983695591, -0.003507, 0.004266, -0.00034188,  4, 08 
2457682.99089261517, -0.009497, 0.004292, -0.00022682,  4, 08 
2457682.99194237404, -0.022775, 0.007052, -0.00011240,  4, 08 
2457682.99299733341,  0.001608, 0.004235, 0.00000258,  4, 08 
2457682.99403799186, -0.004093, 0.004293, 0.00011601,  4, 08 
2457682.99508135067,  0.022639, 0.004707, 0.00022973,  4, 08 
2457682.99614601070, -0.001951, 0.004329, 0.00034577,  4, 08 
2457682.99719366943, -0.004497, 0.004247, 0.00045996,  4, 08 
2457682.99823372811,  0.002502, 0.004256, 0.00057332,  4, 08 
2457683.00032234564, -0.011185, 0.004403, 0.00080096,  4, 08 
2457683.00141700683,  0.003832, 0.004445, 0.00092028,  4, 08 
2457683.00247236621,  0.001326, 0.004257, 0.00103530,  4, 08 
2457683.00351862516, -0.023450, 0.004206, 0.00114934,  4, 08 
2457683.00456838403, -0.001614, 0.004368, 0.00126376,  4, 08 
2457683.00561364274, -0.000026, 0.004362, 0.00135237,  4, 08 
2457683.00665800134, -0.003969, 0.004311, 0.00130329,  4, 08 
2457683.00771066034, -0.004064, 0.004284, 0.00125382,  4, 08 
2457683.00876321970,  0.006667, 0.004330, 0.00120435,  4, 08 
2457683.00981407845, -0.016692, 0.004621, 0.00115497,  4, 08 
2457683.01085623726,  0.012974, 0.004421, 0.00110599,  4, 08 
2457683.01295215450, -0.009230, 0.004295, 0.00100748,  4, 08 
